# [Mshock**0.5 * Rshock**-1.5 * p *rho**-2.5],frequency [Hz]
9.223035776505486e-06,823.6121796045497
9.939855056535127e-06,827.0180584676596
9.954736728406266e-06,826.7085446264455
1.0330143625423233e-05,825.6213826331648
1.0340967008104734e-05,823.7631830406963
1.0726978512032959e-05,821.5651059344293
1.0736360518397e-05,818.8154801660228
1.1132552893297497e-05,815.7553667200326
1.1138724359389833e-05,812.4675687405959
1.1547896497034706e-05,808.9497265847342
1.2410869748777929e-05,793.684758494421
1.2410639955711248e-05,789.6453546808083
1.2857540439154583e-05,785.6807409961453
1.2854612233406852e-05,781.6253794191623
1.2849299917414593e-05,777.4596700066595
1.3310867600083437e-05,773.8158624531508
1.3304578754525085e-05,769.853684701672
1.3779377464958686e-05,764.9379055281672
1.3771006256553248e-05,760.7852099114098
1.5275301299154624e-05,740.3701867762915
1.5264986429722266e-05,736.3851449979007
1.5252731113437727e-05,732.4009619876058
1.5793690007519976e-05,728.4248352651822
1.5779541287575674e-05,724.4136827122474
1.6338734472263192e-05,720.5361199763429
1.6325585490923485e-05,716.7407935801814
1.6311482768938595e-05,712.8722241571946
1.6887072341633002e-05,709.0748595261871
1.742266259800509e-05,690.4247933544171
1.8040013899101393e-05,686.7925635602011
1.802397888487703e-05,683.1672778588447
1.866175040235664e-05,679.6942484407106
1.864747625779442e-05,676.2026988365419
1.9308708222272205e-05,672.7549073978435
1.9294690199638848e-05,669.3917254414907
1.928067197121211e-05,666.0177628541326
2.2130856897729843e-05,643.4020469773868
2.2118937393289775e-05,640.4247871543528
2.2105660526161676e-05,637.4485743070276
2.209474417410263e-05,634.4592488530079
2.0564842633810927e-05,631.447363065656
2.130215039016878e-05,628.017099897457
2.286735241611937e-05,625.1667769604848
2.2057140079325447e-05,622.9924325478082
2.2049162904869843e-05,620.1117330550343
2.2844007689513702e-05,617.2309321433236
2.28393931375693e-05,614.5191532958553
2.2835310286352968e-05,611.8136113158267
2.3660471838191216e-05,609.1952522760974
2.203017312834359e-05,606.5868110184326
2.2028655773156267e-05,603.3789566242024
2.202514188068018e-05,600.8703176012422
2.2021159423095386e-05,598.3928045329297
2.2816035015449206e-05,596.1292067911644
2.280912191147387e-05,594.0094068262555
2.2803724412250355e-05,591.5453417513139
2.27992956365399e-05,589.2244766070257
2.3628484453152485e-05,586.8265282907362
2.3641541623551997e-05,584.670671888655
2.4503743070248052e-05,582.2889186525499
2.447385505142299e-05,580.4598681690316
2.4470660767128992e-05,578.4034441670938
2.440265174982159e-05,576.2355391231985
2.3506760873176688e-05,573.9209128448651
2.345212853960986e-05,571.324742433292
2.2585190693284203e-05,569.1545646357472
2.253505210139213e-05,567.0129973608263
2.3304969065759152e-05,564.9612507440838
2.325646644420444e-05,562.9605015901452
2.409820836068508e-05,561.0121679481879
2.409069544512153e-05,559.3859378273628
2.4084886441084163e-05,557.3777968534873
2.4061405504268306e-05,555.309168275624
2.4018679116078347e-05,553.4494079377176
2.3137236834776636e-05,551.4037538949914
2.394080682260649e-05,549.4097675703829
2.477850063852181e-05,547.4832071607691
2.6577364802033447e-05,545.3239611601056
2.654708553974523e-05,543.7605263176615
2.6518612117893972e-05,542.2544608571737
2.6494327711829757e-05,540.5093134446743
2.647041768667876e-05,538.7634381530127
2.5520890549154463e-05,537.0091596294706
2.549602387788949e-05,534.9841664295254
2.5471463297225806e-05,533.3702657141694
2.5447221240980934e-05,531.7583230036762
2.5423652246719773e-05,529.9222641510744
2.540307016507571e-05,528.7142803405518
2.538818268775636e-05,526.9758641680384
2.5376423989281864e-05,525.4505909097286
2.447481708852068e-05,523.9026939715559
2.4463021764650198e-05,522.3931274430934
2.5338203923541143e-05,521.0522136430118
2.5325730127663863e-05,519.9441324009756
2.531431457134997e-05,518.391180433237
2.5303110713846075e-05,517.0195732940633
2.5294919026908593e-05,515.1085532418823
2.5287005001869036e-05,513.9399832280646
2.6198270433037203e-05,512.5140446333571
2.6194876699864486e-05,511.0663900979577
2.6195582863549996e-05,509.6442635724951
2.619717144222018e-05,508.1613886892694
2.6197570005401728e-05,506.6568579939868
2.71523724044632e-05,505.1893310711409
2.6206262125101663e-05,504.034158634841
2.620815179534726e-05,502.2881170231523
2.6210980419188534e-05,500.8766809150656
2.7161915374282253e-05,499.36809200292083
2.8144955589036215e-05,498.33774489530936
2.8143908239253115e-05,497.37663185820435
2.7158767202380106e-05,496.0965083449138
2.7161894213754726e-05,494.3813799140181
2.716929936585906e-05,493.0714270578462
2.6227449872177164e-05,491.8714668673048
2.718963275564414e-05,490.26085723502166
2.7197883921811414e-05,488.994237600726
2.7205274458121047e-05,488.33619321799415
2.7203211065297232e-05,486.994358648453
2.720928288036008e-05,485.9173486800949
2.7221275780302948e-05,484.8714602579074
2.723204334664241e-05,483.64903319772657
2.7241709219781633e-05,483.00391283192647
2.9263318943557543e-05,481.98249068583885
2.927364472271936e-05,481.1963507157728
2.9285719150516862e-05,480.40230652340966
3.0362138702129912e-05,479.4719301754649
3.03764846565002e-05,478.4096044232724
2.9326159221465406e-05,477.4511251372613
3.040295008334317e-05,476.4543445967078
3.0415895954739628e-05,475.4424956913423
3.1535752617597606e-05,474.3021866015805
3.1552395736982055e-05,473.2941968716839
3.046545250539903e-05,472.3997011284604
3.0486406472454974e-05,471.5221618194665
3.050857117166467e-05,470.67018659708197
3.0532237566423014e-05,469.72089083397765
3.055571840897062e-05,468.619281088239
1.678791524358185e-05,771.0054604727119
1.6824349108937854e-05,770.1513376814219
1.74731535841935e-05,769.7377983621394
1.7513703482217534e-05,768.1231385045146
1.8362503002231506e-05,754.4257461661532
1.84088030809133e-05,750.3984264529703
1.9117779406044086e-05,743.9904782836102
1.916019003486416e-05,741.2961955933272
1.9201521757921886e-05,740.4015852529857
1.9936660310526167e-05,740.4345910713887
1.9969075354295792e-05,739.7539069717495
1.9999105323449783e-05,739.655731473753
2.171986272676994e-05,725.97229747107
2.175245246363324e-05,723.3968963772098
2.1783521721227026e-05,719.8166879279653
2.1814000025286883e-05,715.8067003890824
2.1844110572274362e-05,711.5029113869168
2.1875576412894913e-05,704.174711241257
2.1904900678343792e-05,694.3140237422026
2.1934003658003263e-05,685.1322708352201
2.196061440068414e-05,677.5269930626192
2.1990273170150208e-05,671.7398639008695
2.2024229511069978e-05,666.1834390219171
2.2859327697308138e-05,659.9520449133854
2.289579840302894e-05,654.8708760302759
2.292960596469911e-05,650.4589586885162
2.2959735339219205e-05,645.7526859043721
2.381351991254162e-05,640.2038778165889
2.3837599404048954e-05,635.4340974201879
2.3853913127611474e-05,630.3548995883225
2.4743884912630186e-05,624.3781846922067
2.4769974007506613e-05,618.3737921262931
2.4793373191682524e-05,609.8140965965463
2.4817834031133226e-05,600.6751537183602
2.4840897291617814e-05,600.1969962376322
2.5768407135141306e-05,599.1862275890927
2.5796888174133705e-05,597.601207284607
2.5822974928339727e-05,594.8506478236492
2.5848000112793896e-05,591.7126393814823
2.587709638905437e-05,587.6286590244229
2.6846983005549705e-05,583.723084479507
2.6876120198712862e-05,579.9012742112615
2.6903356618659153e-05,575.3000737642344
2.6931543801564546e-05,570.7736705780973
2.6959663211408383e-05,565.7490361117298
2.7969132960518578e-05,558.3183065225971
2.7998705937516636e-05,550.9919990419446
2.8026733379218295e-05,546.7483669114054
2.8056982743684906e-05,545.0606793981576
2.80878467920492e-05,542.8383067835855
2.913835910689656e-05,540.0891071430675
2.9169963814771924e-05,537.2266621226269
2.9205975641455953e-05,532.8883035243305
2.9241435039970824e-05,529.0892074629451
2.927743470510008e-05,524.9671779735552
3.0377058421659753e-05,520.608599661864
3.041286367152296e-05,516.6229765821133
3.0447234533928972e-05,512.567587199907
3.0481025538864543e-05,508.8571830200219
3.051390817423842e-05,505.2773780310364
3.165586594040715e-05,501.9803651689049
3.169100488829908e-05,498.8979665645948
3.1726752807185886e-05,496.1821850770921
3.1763376453880215e-05,493.283492043466
3.18001914263479e-05,490.1915334838666
3.183364684877268e-05,486.75434290816537
3.186697685904164e-05,482.76519598594086
3.187989559489049e-05,479.0380583795547
3.188782073973589e-05,475.52449830019066
3.306042990696858e-05,472.1708487039997
3.30678617976692e-05,468.9232091930171
3.3065221774576164e-05,465.75903632500086
3.307394065694629e-05,462.2836144449922
3.3090609981912464e-05,458.85890613628317
3.3103917719199595e-05,455.56880177825036
3.311406871737909e-05,452.0125169481352
3.432254787514597e-05,448.10436443429916
3.4331631618441916e-05,443.9792673262461
3.4341151998606906e-05,439.7461429149047
3.4364341482506434e-05,435.7775044670742
3.439017737579838e-05,431.5158208858149
3.4406928071505675e-05,427.0519040564997
3.442117032888583e-05,422.4773335150207
3.443460210948857e-05,417.88933617818196
3.570325893321392e-05,412.90234554885217
3.573008041564677e-05,408.0651652279072
3.575388492245984e-05,403.10551359985647
3.5781444425523464e-05,398.6624562155109
3.580972809496207e-05,394.5035228937346
3.583487592613747e-05,390.8389139941685
3.58573512382261e-05,386.665595479477
3.588031353412612e-05,383.54128283650255
3.590453206302024e-05,380.4339350540022
3.723704548346543e-05,377.3706095795902
3.726628585691585e-05,374.46310331594526
3.729432894291215e-05,371.45753972683855
3.732095055121967e-05,368.50670786414
3.734635719816974e-05,365.60463656421655
3.8728941136186574e-05,362.6574343140212
3.875614642984621e-05,359.77564288456426
3.878802546978306e-05,356.58769359594663
3.882125568340784e-05,353.3548765011753
3.885127837440252e-05,350.2888709784027
3.8857443290728524e-05,347.24009109249715
3.885575537195232e-05,344.2719433495942
4.026535177073889e-05,341.2557895720644
4.026175176079558e-05,338.3022600087194
4.0259314488139444e-05,335.42500268156004
4.021103889602101e-05,332.56619820407013
4.014778439091821e-05,329.6100208201447
4.157131928985721e-05,326.7486383227453
4.150185980300577e-05,323.8706492225798
4.141691508080442e-05,320.8545323026425
1.805917528609806e-05,759.9986456638838
1.8755705866408288e-05,764.2042436577398
1.813512776441096e-05,759.3895107241412
1.7545261860649916e-05,758.1376424518187
1.8215727858892238e-05,759.0100284760823
1.892061752217669e-05,762.4856186927493
1.964604667247884e-05,752.0225940388368
1.9135208783365632e-05,751.7735889887332
1.9863099332021574e-05,745.4457669690532
2.060323092195608e-05,744.6575641746126
2.0623830322760596e-05,742.927545822894
2.0632692411056597e-05,741.3228287272642
1.9252069202444368e-05,742.5373140967778
1.9974272533726596e-05,736.6521334547969
1.9974948432608737e-05,734.1678065364798
2.076442274223008e-05,717.0613658992662
2.0767590773044396e-05,713.7935431071469
2.0773425326378263e-05,711.350776975439
2.078327241613277e-05,708.4148338196294
2.1547336762399378e-05,705.2510564050343
2.154689464665808e-05,701.9448031395585
2.079007823198054e-05,699.0627930932994
2.079016547393904e-05,696.1764658141733
2.0792165559724706e-05,693.5519284049022
2.078363241815972e-05,690.2102929218481
2.0780362806822556e-05,687.3253145758893
2.1542866581900654e-05,684.4153237693795
2.1532950116404697e-05,681.7047100061083
2.1514232167634382e-05,678.91523465543
2.0766824744549738e-05,676.0448268053266
2.1506434524305037e-05,673.3119735536739
2.1507984036595805e-05,671.0729954342291
2.2284830133867377e-05,668.2101639982619
2.2281737071140496e-05,665.8796417626927
2.228271585615542e-05,663.4218527847895
2.2280241889735645e-05,660.7768332906228
2.2276181725865216e-05,658.1944112812895
2.226782436463117e-05,655.5514005272238
2.3076446393722358e-05,652.7328132564649
2.3061025682656012e-05,649.8926738023142
2.3052008497143038e-05,645.3903662397393
2.3035783291933145e-05,644.3520575428163
2.3023660294490173e-05,641.1764620764702
2.3007857323150255e-05,638.2921511095328
2.3007086227888784e-05,636.208989499818
2.3834710902716905e-05,633.2636290951433
2.3825104342270877e-05,630.5225229070433
2.3810845915581303e-05,628.1468283267902
2.380639091287382e-05,625.1181133819205
2.379684588441104e-05,622.8267147866408
2.3791480393079493e-05,619.6680851685862
2.4655399901148905e-05,616.9418315281459
2.3795804948978202e-05,615.5961014639646
2.463477143313124e-05,611.4601791449858
2.4629583263102222e-05,608.4183634347229
2.4622148097232895e-05,607.1640619913446
2.4610508498241916e-05,604.5237149504185
2.460478942634446e-05,600.8659917664368
2.4596401724435286e-05,597.5237500059328
2.4594075621558273e-05,595.2199926734908
2.5473961514714722e-05,592.2549430048688
2.4582970274675305e-05,590.6172241513475
2.5477575200889506e-05,588.0251385751153
2.6404270037941098e-05,585.8544191896749
2.6406899457327793e-05,583.5852944819783
2.5481920317328367e-05,581.3696128973214
2.640523763162016e-05,578.6408721640868
2.4576709225553025e-05,576.6516936930773
2.5473659581820204e-05,575.480827395388
2.5476080960976057e-05,571.8814192751046
2.5446548896848512e-05,568.4345001238138
2.542809871483923e-05,566.4297778278857
2.544018645470531e-05,565.1750848213201
2.6357427317499502e-05,561.0230295937213
2.5433164694232964e-05,559.6375607754503
2.541776438090433e-05,556.5636592111064
2.6342274644443536e-05,554.7718757938444
2.6325935785749792e-05,552.4419625382452
2.631575428007343e-05,551.5880309731905
2.726331513931457e-05,548.573786153527
2.7254564226884497e-05,545.9973056557833
2.7235623602973892e-05,543.869037713123
2.8203713850635976e-05,541.555694806508
2.7201502438459916e-05,539.6660653140389
2.7194363694228645e-05,537.6662898494302
2.8180392549182753e-05,536.5943489092112
2.8173536305167372e-05,533.2952770512968
2.53131995103107e-05,532.1490774008672
2.918217263909735e-05,528.5556848740847
2.52965341360889e-05,527.6512410652011
2.619819239969733e-05,523.8350559397928
2.6186048734681366e-05,523.0402756282629
2.6180079021102e-05,521.0074570948017
2.617319270630499e-05,519.135476625574
2.8103655370295673e-05,517.527500785214
2.71119036138521e-05,514.8792728349139
2.7116426508008994e-05,513.8404718522413
2.809878947943551e-05,510.59370788195196
2.809879017393634e-05,509.13458674381883
2.809570676328321e-05,507.7271677244014
2.8092110492450443e-05,506.25729442828276
2.8085538562844447e-05,504.0129583256506
2.807538021216554e-05,501.8125364380445
2.9087901783851847e-05,500.5976494422825
2.9078305290882745e-05,499.3336907896665
2.906733049013407e-05,496.908758432059
2.906791644206307e-05,496.24418258422173
3.0116014298825983e-05,493.7116759959291
3.0107618197931022e-05,491.7972053678681
3.0108485398563653e-05,490.5984876236458
3.0108997054019324e-05,489.1923028587877
3.010532544067273e-05,487.3695579511428
3.0102737346205256e-05,485.8728702087668
3.0104094257914562e-05,484.4643132653232
3.119045704913601e-05,482.68246213687036
3.009446378491213e-05,480.2920036683795
1.6744452455107547e-05,729.0948468911748
1.740416349020227e-05,730.3794146367624
1.7457253628153997e-05,729.6077366039435
1.8142454812182548e-05,730.8505580810312
1.819099508608227e-05,729.2352090568356
1.9756177349561945e-05,716.8102846453729
1.9794864312234817e-05,714.8117689892098
2.0551292579930735e-05,712.9277709966742
2.0588163460563377e-05,710.7630190219945
2.0619411309525654e-05,708.4437521026732
2.1397104027351754e-05,706.1782875568875
2.1425862242855334e-05,703.8412148007214
2.1452746329562794e-05,701.3706193283466
2.147594907809502e-05,698.8262521977748
2.3170358785912835e-05,686.0862629637895
2.3187781251224094e-05,683.4243525448185
2.3203213357535945e-05,680.8122667042887
2.321598924765917e-05,678.1733664217269
2.4071306857471135e-05,675.5613907016251
2.4084703827369133e-05,673.0170409164534
2.4096190065976752e-05,670.4055182453372
2.4108046616573015e-05,667.7582791521272
2.492318434960867e-05,649.2248573698666
2.491055595515827e-05,646.60308612443
2.4901967385880458e-05,644.0111950740278
2.489309524179032e-05,641.438377908767
2.4880477942720982e-05,638.8604881232473
2.4865637148416214e-05,636.2935796486225
2.485241963652648e-05,633.7110736487923
2.5743403329305352e-05,631.2346051726008
2.5733188267476034e-05,628.8268424240392
2.5720338785541048e-05,626.3407683980688
2.571006088673517e-05,623.8737247286327
2.569837230311537e-05,621.4308655690255
2.661715172296859e-05,618.9914702385415
2.6602391799843885e-05,616.6357480475973
2.6586853049146867e-05,614.2040045718837
2.75369105384792e-05,611.7868269484625
2.7524174364430466e-05,609.4406818683028
2.7512964363628507e-05,607.0915735364957
2.7502434355603536e-05,604.6769752554006
2.7491588477199233e-05,602.2817688631211
2.847834666631388e-05,599.8800886520303
2.846493972433162e-05,597.6418006556631
2.8452072702776445e-05,595.1943201241522
2.8439560709228708e-05,592.8384784412118
2.8428866248564968e-05,590.4655562411992
2.9450653925918963e-05,588.1200886717436
2.9441023284875958e-05,585.7731178293772
2.9432276645126145e-05,583.4024409922906
2.9423764142933628e-05,581.1267549243994
2.94154192731398e-05,578.8123803879841
2.940751427952492e-05,576.5122598650538
2.939951495663647e-05,574.2247409787104
2.9391779619263014e-05,571.9320518276472
3.0451095816717147e-05,569.6351554915159
3.0444175907999442e-05,567.3787706150734
3.0438222852630425e-05,565.1379249943301
3.0433538807971738e-05,562.8578444551616
3.0423370718844626e-05,560.6068299663679
3.039845262939435e-05,558.358579351865
3.037540551339281e-05,556.4719713096771
3.145774214349628e-05,553.7441996442715
3.1431386687026045e-05,551.5940884152119
3.1407241946728046e-05,549.2892783560674
3.138375039136052e-05,547.0719723539685
3.136270614639449e-05,544.8076577912948
3.134155402689195e-05,542.5526907567703
3.131984401659854e-05,540.3111122390109
3.243321181344993e-05,538.0794919824473
3.2410311566930604e-05,536.036287570779
3.238890994367573e-05,533.732385967181
3.236880011337786e-05,531.5891178381556
3.234928992780216e-05,529.3687871910231
3.233174495653742e-05,527.2252731311103
3.2314792708137456e-05,525.0578374501422
3.229788923927702e-05,522.8812667558963
3.22804694398526e-05,520.7170855474317
3.2262915885469595e-05,518.5515339951669
3.341612865232908e-05,516.3648823709991
3.339995590370557e-05,514.2136931227814
3.338428794142693e-05,512.153063341661
3.3367623136303226e-05,510.0129852625148
3.335130098350012e-05,507.8783863121785
3.33361769940614e-05,505.7417854182407
3.452981453428662e-05,503.58591625131965
3.451592036734928e-05,501.491077867776
3.450282074646595e-05,499.3886414390598
3.4490227846724496e-05,497.21903128726507
3.4477762408786225e-05,495.2208946197414
3.571630231442731e-05,493.10533755264845
3.570283417088891e-05,491.16481631375433
3.568955543270625e-05,489.06143776302076
3.5677140182604e-05,486.94691581527337
3.566610800834675e-05,484.9079151459266
3.5654759255656604e-05,482.8314896413004
3.564420421907107e-05,480.7439821969657
3.692693120018359e-05,478.6760043809727
3.691623524219474e-05,476.8429561036048
3.6905976195121815e-05,474.55618593435344
3.689657518462673e-05,472.5414639525152
3.688670986122195e-05,470.57756251705877
3.687697071275536e-05,468.477513316662
3.68697853861097e-05,466.4721962174736
3.8201047726553174e-05,464.51149544957224
3.8193550679551944e-05,462.4775372165592
3.8186030990572227e-05,460.5684191444925
3.817947832560029e-05,458.6737276991486
3.8172876064936666e-05,456.60064265433937
3.815438493187356e-05,454.69222761698717
3.9480155858853426e-05,452.7617200029506
3.9417296106126644e-05,450.8639602968645
3.935584541119332e-05,448.8201643147786
3.929425849439976e-05,446.9245550756778
3.923506189271543e-05,444.8955539688233
3.917489439045898e-05,442.8675335155326
3.9132088372164666e-05,440.8760127753103
3.909920955674288e-05,438.8587866922472
1.3068479360186796e-05,795.6465228354941
1.3100529290044846e-05,792.9600152763904
1.3606921132736667e-05,790.6188013927894
1.4129290229261203e-05,789.4812893970486
1.4154250890926846e-05,785.6834462230911
1.4690673540090067e-05,775.8856819755317
1.4712075651769816e-05,772.0902796485997
1.643600034310254e-05,749.9886609295195
1.7039163953365797e-05,745.2611733613063
1.7044054224391082e-05,740.5192400630658
1.766643403862866e-05,735.6420433599104
1.7667088579313374e-05,730.9116845272388
1.830878763865274e-05,726.071079988962
1.8309375463963547e-05,721.394700239748
1.897029568612638e-05,716.7252858463414
1.8965188622069517e-05,712.2414125583998
2.0336939416727032e-05,689.4507693023378
2.0329700340728113e-05,685.1657872806904
2.032256395603087e-05,680.7362616245821
2.1053350976758517e-05,676.4016657523166
2.1048871141052045e-05,672.3647854134508
2.180739574636879e-05,668.1390823840422
2.180168317203829e-05,664.0379057598633
2.179374467428472e-05,659.859726728241
2.4228304953644625e-05,631.4682396220111
2.422808208669302e-05,627.7689459219574
2.422911551523659e-05,623.9476141938862
2.4230241753969362e-05,620.4385552715397
2.5113083612408323e-05,616.1279071905938
2.5114126336154893e-05,612.5944574261738
2.6028686759852815e-05,608.8153063868734
2.6031792944036734e-05,605.3539211439228
2.6036009688939703e-05,601.7037799522823
2.6985597574786404e-05,598.0804426798124
2.6988693775233744e-05,594.6922177439607
2.7972820094621463e-05,591.3804666714092
2.7977796106739705e-05,588.2175960117204
2.899933668428916e-05,584.9593971329775
3.005897806184954e-05,581.8238058103984
3.1158018200708514e-05,579.1102170501
3.11671164991354e-05,576.3438686981749
3.1175012669007884e-05,573.3013403531992
3.1183012161719524e-05,570.2275998430039
3.1190852307696714e-05,567.3180600316002
3.119942159872297e-05,564.3355533981264
3.121001747677588e-05,561.2591384961803
3.2355116796650847e-05,557.9809611317312
3.236844051504044e-05,555.9022039488315
3.237879509437308e-05,553.1967638921745
3.3503480625620514e-05,550.2903055708125
3.3447979715300674e-05,547.3280101038638
3.337515601428555e-05,544.2556520517359
3.332877287185036e-05,541.3751126424594
3.2134811586775426e-05,537.9428752296521
3.331113857897675e-05,534.389798106459
3.3332813800022906e-05,531.5303963712178
3.330576519047676e-05,528.7876107754012
3.210247520625127e-05,525.8834951290979
3.32417358478009e-05,523.027301315
3.3219040786631507e-05,520.6917422472545
3.319447780020892e-05,518.7249449254692
3.3173961806333845e-05,516.0952819926482
3.436980100714605e-05,513.3167701300172
3.436406022730255e-05,510.5901728194777
3.436173460254617e-05,508.2749241005087
3.436056281298644e-05,505.8009514445523
3.560875724227411e-05,503.0962763071312
3.5610697758454334e-05,500.50490656630063
3.436542296317804e-05,497.72181618005163
3.436923067031673e-05,494.5551569980973
3.437283285624573e-05,492.0173868990039
3.5626142313249544e-05,489.417724602322
3.563177404672071e-05,486.9837632720443
3.563960960297709e-05,484.60522040737953
3.564870328407563e-05,482.0950429509111
3.695153304276888e-05,480.4651540387819
3.830201372787883e-05,478.9426245354271
3.697165985024273e-05,476.7411823806375
3.698462546188497e-05,474.38903162940363
3.699962307601753e-05,471.8229453148891
3.703540623958456e-05,466.8366976479327
3.575001127773584e-05,464.0051088673082
3.576244464805663e-05,461.4287567524696
3.577566577168939e-05,459.0129277776565
3.579039061349586e-05,456.6047128079416
3.710543440296274e-05,454.1988882523299
3.71235232704399e-05,453.12120557861465
3.714137723168382e-05,451.00872363841387
3.715606181038033e-05,448.7300605210691
3.587078358577622e-05,445.7388078314443
3.719056851126645e-05,443.263529092721
3.7211346978099823e-05,441.036564534694
3.723234974115774e-05,438.6320745099197
3.725563456961629e-05,436.5538101699096
3.7277951336591944e-05,434.404617528682
3.865501809125874e-05,432.4295606125646
3.8677175177547174e-05,430.6702451764613
4.156195311335903e-05,429.1446632540972
4.0134107608176376e-05,428.0236139436496
4.0162657553443755e-05,425.5198934034743
4.018966075036672e-05,423.3234086074932
4.021770130349793e-05,421.3000303280728
4.024850322682791e-05,419.2214918773494
4.0208397217826596e-05,417.1107110963563
4.0199987560787364e-05,415.0550082633518
4.020399481009682e-05,412.8785069341522
4.021405733855393e-05,410.7962520531179
4.023002458434135e-05,408.66719990231286
4.025152445311973e-05,406.5345832643386
4.173497611081382e-05,404.32299551349337
4.028851425332198e-05,402.6083279363107
4.03124087066575e-05,400.8030097224961
4.03330047103205e-05,398.0866961913345
4.0353406293350185e-05,395.84135214983803
4.038268165956129e-05,394.0368797002079
4.041317609983361e-05,392.6622208227532
4.0441099551102524e-05,390.8547325125049
4.046851390493001e-05,388.9457264764467
1.3331273616012172e-05,821.4909761124118
1.3854945699123935e-05,823.0055034766516
1.502427430163409e-05,810.9091659441049
1.5048004528110933e-05,808.3070741118912
1.5067098215287059e-05,806.7423458294099
1.562849107512762e-05,807.9018843678627
1.564154175268648e-05,804.6549825038082
1.5654234803985028e-05,800.325120392175
1.6234672759491004e-05,795.929775618371
1.624594431925448e-05,791.1383595304927
1.6258183091253007e-05,785.8046845572273
1.7522542828838343e-05,756.4695432765286
1.7529632503765374e-05,751.2248790975052
1.8173068945325808e-05,746.3845258111098
1.8180684990307913e-05,741.9183216270739
1.8185534655929172e-05,738.1696296204477
1.884822017357298e-05,734.7977683925806
1.884774217645131e-05,731.6495992343297
1.8846103892287926e-05,728.4294969283484
2.0198311663084333e-05,710.385518114847
2.0193930503647676e-05,708.2084799698648
2.0183989028018456e-05,705.956196993567
2.0176058884800357e-05,703.8305502387781
2.0171780939418178e-05,701.621635954667
2.016471712553351e-05,699.2590607264364
2.0891344011615063e-05,696.7929151002292
2.088742823854917e-05,694.4560011705231
2.087846351257068e-05,691.9190735857733
2.086938940329518e-05,689.4058536709344
2.085972298039782e-05,686.8852761111406
2.1608513096094963e-05,684.3364914976655
2.160197237240379e-05,681.8498514766901
2.1595647000873917e-05,679.2042260263512
2.2373045450095643e-05,676.4862380919126
2.2366476418451126e-05,673.954317106733
2.236239853103097e-05,671.1053999281937
2.235680445189596e-05,668.3912453208852
2.3162531640705976e-05,665.6826295245635
2.3158011437471573e-05,663.1922232573295
2.315446335498666e-05,660.3994209960497
2.3149695455675224e-05,657.7382961779533
2.314603544723616e-05,655.0294990277696
2.3984101239088272e-05,652.3299925060127
2.3978967058934596e-05,649.7031205395919
2.3973613990916715e-05,646.8777275457437
2.3968954965862008e-05,643.9706733582303
2.483351549535899e-05,641.0356146963445
2.482883141232022e-05,638.216927131813
2.4829104368165134e-05,635.3438091133288
2.482909929485656e-05,632.5657511416526
2.573092955246373e-05,629.5021791975325
2.572875333878905e-05,626.6909877015578
2.5720575747645436e-05,624.0799300545508
2.57172809033769e-05,621.3975688384608
2.665247568888177e-05,618.6363627730316
2.6650927748449134e-05,616.1464345708155
2.6643974023421792e-05,613.348345685109
2.662748516182556e-05,610.6481910646155
2.7588835778937382e-05,607.9571263005987
2.7617086122485455e-05,605.3118750157787
2.7639949754102503e-05,602.8043863869251
2.7663797985060076e-05,600.1063985978612
2.7681816317348754e-05,597.5987352018877
2.7698225893998726e-05,594.9463473492177
2.8717021869642917e-05,592.3016360358737
2.8786510382445723e-05,589.7233239182051
2.882622431730603e-05,587.3002552714628
2.9746092569749568e-05,584.819244062156
2.9827537006068364e-05,582.3523951806058
2.9860012530323017e-05,579.9843266695003
2.9888321162733363e-05,577.5801450876908
2.99215241629106e-05,575.2930927216034
3.104540286740022e-05,572.9184316376396
3.108212112127967e-05,570.8124477867364
3.112038498351135e-05,568.5160022955157
3.1159121390873906e-05,566.1433456690702
3.119478407249486e-05,563.7845108879105
3.1227347088692956e-05,561.6808573296504
3.1141003224191387e-05,559.301277755363
3.12137405843553e-05,556.8765728470714
3.0139201188700923e-05,553.700880066756
3.2398988669922003e-05,550.6472117758426
3.242930669030587e-05,549.4523807928472
3.246609727456278e-05,547.1190285380687
3.367441854004454e-05,544.9486231506553
3.370677204729653e-05,542.8482156288319
3.375413826124518e-05,540.8970538745714
3.3774772625053256e-05,538.5043320816351
3.3820583592258786e-05,536.0792896628637
3.387082692345513e-05,533.6383501839389
3.3916609243147446e-05,531.2127391698089
3.395711526915802e-05,528.7954681052579
3.399562448953944e-05,526.6978608637851
3.2839924162068156e-05,523.8615267967134
3.287476951081158e-05,520.4583903711898
3.2909205730234626e-05,518.4585536790678
3.294290243725052e-05,515.8478106745476
3.541198700534206e-05,513.683800806813
3.5446481218486445e-05,512.5429271881733
3.5481465571047116e-05,510.5969423743936
3.427279100990395e-05,507.7249174710287
3.430563276222873e-05,505.2710046050402
3.558385458855907e-05,502.8987750396445
3.5616379978275616e-05,501.4584175583034
3.564801922566593e-05,499.5936222839968
3.56803443666939e-05,497.5869297029358
3.571311325873797e-05,495.55545702987024
3.574563523251311e-05,493.5321341545155
3.57708443713097e-05,491.3117120151812
3.454547523500206e-05,488.412024475923
3.456749655412538e-05,485.6523635366694
3.4590055800694075e-05,483.57559724432815
3.461169244148595e-05,481.3535194556608
3.7222718024673285e-05,476.9921072704541
3.7387759883159474e-05,468.0986751751435
1.1519339225575906e-05,847.5659114899621
1.1968562584061469e-05,845.4662803613521
1.2433830244103196e-05,842.2162677817137
1.2912908522316602e-05,838.136521254984
1.340763301908408e-05,833.4341116735457
1.39183390080759e-05,828.4693096764877
1.3939219582354703e-05,822.6655416772604
1.4461926528853471e-05,815.0510800628717
1.6142376701998668e-05,791.5586304673325
1.673468921253532e-05,785.0640596699608
1.7345871127482836e-05,778.6518981844838
1.7349456469398538e-05,772.2167401374707
1.798015641651e-05,765.6883715948247
1.7976556062936787e-05,759.0719225427582
1.8626715844265792e-05,752.3263355353181
1.862307494344317e-05,745.625392711932
1.929518105648189e-05,738.9204758686608
2.069717777011703e-05,705.5258656042986
2.1441230093077404e-05,698.7937851615236
2.2210643033179647e-05,692.2321330055403
2.2202079971045873e-05,685.6539444216196
2.299994255519687e-05,679.1782310131098
2.299102292979015e-05,672.6273838064462
2.3819731326115193e-05,665.8603961577387
2.4678898027615964e-05,659.3488457792107
2.4673918110684086e-05,652.7681871342958
2.8437893226856618e-05,620.2008553011276
2.9466103234370155e-05,613.8698644040668
2.9465586249452036e-05,607.4424038758136
2.9465206897998466e-05,601.0440315950161
2.9466799122687533e-05,594.5854382714756
3.0538627499139575e-05,587.8964320292425
3.054346259297674e-05,582.4403236320312
3.054963785045908e-05,576.2849487498831
3.289703107667232e-05,532.2808660502471
3.2909703018903284e-05,525.852917488256
3.4116147910053796e-05,519.187285463527
3.6654691106378816e-05,512.8792801969073
3.66726554358542e-05,508.2596922701158
3.5291807447391174e-05,495.195394457358
3.5258627706885724e-05,488.1584486953793
3.523366561701853e-05,481.7884655053794
3.522725927017283e-05,475.9743144579942
3.516735542659091e-05,469.152488744222
3.909847545087016e-05,462.80006764988633
4.049167208981155e-05,457.7499406384024
3.904964914919194e-05,451.05220483336615
3.902189657389767e-05,443.9074619754422
3.899933045375132e-05,436.83715649761217
3.8981173512439e-05,430.3548126684417
3.8974444595337294e-05,424.7634543595963
3.7606749244334e-05,418.5131579719011
3.897642312814756e-05,411.8471208034731
4.040151877942054e-05,405.38716370656164
4.340364090530334e-05,399.5738684406426
4.3421000465495186e-05,393.3902800130917
4.501911455906966e-05,384.7632538588398
4.669481387905485e-05,377.20121681573335
4.67249620010313e-05,370.37697542373866
4.674662417469775e-05,362.89045218354863
4.5136533245353055e-05,355.73259019142137
4.358292252467349e-05,348.23774246717073
4.6840305754370544e-05,340.9648406545444
4.688067296579058e-05,334.93779784140685
4.8633611867471755e-05,325.9874802134306
5.045438340691644e-05,316.2656370741808
5.42776564347693e-05,306.67214323685687
5.437066238673271e-05,295.4404193179565
5.2544630166234065e-05,284.4884286046775
5.0783771251826657e-05,274.6794835404971
5.273922319277792e-05,262.62660571137366
5.88659220463589e-05,247.0737184870753
1.1912382278608175e-05,792.2955023555191
1.1929260512624111e-05,791.1314105932776
1.2378278588981898e-05,789.7315195045163
1.2392539191933363e-05,788.0012127871404
1.2854169872292022e-05,786.0786367686862
1.2866243834010053e-05,783.8142265016095
1.2877322427944533e-05,781.4892559116664
1.3353832604927104e-05,779.1345478207053
1.4369018419636502e-05,764.6228389292337
1.4371151489432476e-05,761.7716132086628
1.4894872163750207e-05,759.0513622991534
1.4896852417798075e-05,756.0908493262483
1.5438347262801536e-05,753.0906783485312
1.5437473676186705e-05,750.1552402104437
1.5435863652302632e-05,747.1267184729079
1.599356460255399e-05,744.0865272467117
1.599088045693547e-05,740.9856815164337
1.6549528924534552e-05,725.6728255418518
1.7142560404598204e-05,722.576477461756
1.7135271465261302e-05,719.5988428335759
1.7128155311516333e-05,716.5404266100011
1.774300397537144e-05,713.4964376391597
1.7736361046302177e-05,710.5618133984117
1.772967699043876e-05,707.4554669965938
1.8365641910532695e-05,704.4287059706012
1.9680419288724676e-05,683.6669108348492
1.96745821688065e-05,680.7151424549219
2.038342537281898e-05,677.7891977524805
2.0379125143648065e-05,674.9632179846517
2.037598228937938e-05,672.0343398472451
2.1111849894982297e-05,669.1512220287124
2.11076524344965e-05,666.4008476304366
2.1104214767447458e-05,663.541678154118
2.1099149396538698e-05,660.6894079499527
2.1861097455934134e-05,657.8474787524879
2.1857467257785328e-05,655.1332667270949
2.1853203245589455e-05,652.3260251278182
2.2642121062499175e-05,649.5529560054354
2.263923132980516e-05,646.9495846122775
2.2635742713575933e-05,644.245765878132
2.263335845874793e-05,641.5673692021643
2.2632483849227e-05,638.9048456548684
2.3452498256011508e-05,636.2646693037062
2.345055066527404e-05,633.7772679312643
2.3450263660463204e-05,631.1525794360372
2.3449240007598494e-05,628.2420824636786
2.4301519023582942e-05,625.9543609249413
2.43028701626946e-05,623.552102742449
2.430484022033032e-05,620.8560575524857
2.4307241176415257e-05,618.3137249880981
2.5192213731101833e-05,615.7300079364396
2.519599360803756e-05,613.2379884311922
2.5201415341931883e-05,610.7316793792222
2.520747116452516e-05,608.2570460915191
2.6126293952639455e-05,605.7987048841301
2.613162915743308e-05,603.4353129533882
2.613872949967449e-05,601.0595071085329
2.6146292899321957e-05,598.7517346291487
2.7104384775471742e-05,596.4332271147979
2.7114102519134348e-05,594.30910227987
2.7124874868125464e-05,591.9547384496333
2.8118594928424925e-05,589.6524937041113
2.7140314292249206e-05,587.3947140404227
2.915409614431799e-05,584.7045166043399
2.9163644635416057e-05,583.1764768474758
2.9175303277634683e-05,581.1342548070793
2.918670214074707e-05,578.8220693997728
2.918806125852579e-05,576.7713318558557
2.9181682346401537e-05,574.5458693121716
2.918415233240638e-05,572.3555695613431
2.9190585655595173e-05,570.1954197724583
2.9194930730016277e-05,568.0175745099217
2.9202289996655564e-05,565.8043753555746
2.9212404806571477e-05,563.6174608939552
2.9223688099523983e-05,561.4230763739844
2.9235279911002085e-05,559.3271074177932
2.817684442369342e-05,556.6880665908819
2.8136884761098393e-05,554.3732829212878
2.9095322904556655e-05,552.3008337428812
3.0138019381062556e-05,550.2288358543306
3.011588190167013e-05,549.0387748542569
3.0093893735967254e-05,547.0079256618795
3.0073109646270333e-05,544.9844798085247
3.0051918477457885e-05,542.9405519519073
3.0040665833238022e-05,541.0287510134724
3.0029233572007645e-05,539.1043080070772
3.1117311860247946e-05,537.1661750228442
3.11221012158467e-05,535.2514752749281
3.1124313791200356e-05,533.3169253409096
3.1132754844474706e-05,531.3751540472496
3.1149524152658433e-05,529.4258765853233
3.115114555340056e-05,527.6426554917342
3.005480094173988e-05,525.560853073378
3.0058124819230963e-05,522.8831867060788
3.0064533558765375e-05,521.0864222654618
3.007505135105123e-05,519.2681540750558
3.008350791970757e-05,517.4473145074533
3.0090492859037885e-05,515.6607079435792
3.0100076621556007e-05,513.8811373511246
3.120301670116629e-05,512.0514106355756
3.235016339310571e-05,511.1160143500628
3.235996839260815e-05,509.7686375714176
3.237196947653445e-05,508.0135314227387
3.2376226082718515e-05,506.22653532076623
3.238323721566965e-05,504.2762036191234
3.239113221620919e-05,502.5311415551104
3.2401230326391576e-05,500.6143618123547
3.241827028449187e-05,498.8206397670045
3.1300415912277954e-05,497.0961554976022
3.2455833398304435e-05,495.20913660412947
3.2475997975045135e-05,494.0650563017274
3.249500751934734e-05,492.4630526651789
3.251366983957974e-05,490.82691768086136
3.2533008295173205e-05,489.1914903500241
3.2553530944374165e-05,487.53348283793406
3.257664292826933e-05,485.8946013874057
3.2600112835619726e-05,483.91503454003686
3.2622999108952404e-05,482.11022158268486
3.264644899096302e-05,480.3330860479804
3.266807970750101e-05,478.9574631191215
3.2688592435300046e-05,477.41230542562204
3.270771834610543e-05,475.8771472007237
3.2726466330169166e-05,474.3600683536921
3.2745219878361604e-05,472.86565352621835
3.395326718400164e-05,471.42082335696296
3.520572684505859e-05,470.3437805937248
1.3621049946996092e-05,847.3647490302676
1.534022508182162e-05,823.7720383591059
1.5982152115123385e-05,811.8253783940526
1.664604811626494e-05,798.0500400630992
1.7328383115113074e-05,783.0570391214949
1.802437062612667e-05,767.1403184681247
1.8738279634376248e-05,750.1258074256433
2.261224843116965e-05,670.5716864784882
2.347929076206998e-05,646.6754914351228
1.3727653864531502e-05,794.1450637175279
1.4255679265132174e-05,792.8619486370534
1.4282386583194867e-05,789.3046932663458
1.4828193926672898e-05,779.2273752774357
1.485070547721455e-05,775.2991137674724
1.541005597458768e-05,771.3366273053018
1.5987985509058286e-05,766.8110529826332
1.786547014198647e-05,741.6901679209852
1.787527967809977e-05,736.4395002632924
1.7884754264287818e-05,731.1269455048572
1.8540318739150174e-05,725.7766827687802
1.8545458445315154e-05,720.6025413622542
1.9224486765399764e-05,715.2959113492437
1.9228832032978132e-05,710.0489061649811
1.9931700197006403e-05,704.6206515748512
1.9935087097401013e-05,699.2607071432914
2.1430168218618878e-05,672.8998792989161
2.14325582527677e-05,667.695774448448
2.2212970036166247e-05,662.3468279472551
2.2216236686274043e-05,657.2259630057301
2.302591999287429e-05,651.9470172089137
2.3032209173310104e-05,646.7163010814446
2.303881501643844e-05,641.7080306265573
2.304623385232845e-05,636.6649268650621
2.5713326373477956e-05,601.2950896739909
2.572592561613405e-05,596.4608297835372
2.573991997704464e-05,591.4914491055173
2.6687939193958682e-05,586.6492055210965
2.6703990283235742e-05,581.976776806305
2.6720483366456725e-05,577.0795202497543
2.7708763347276217e-05,572.4265453597267
2.772977141716039e-05,567.7390173005012
2.875908960798931e-05,562.822880818788
2.8782876511437243e-05,558.3819401448599
2.8807645903755764e-05,553.3763880571685
2.987965671422265e-05,548.5815240723401
2.9904988844504967e-05,544.1766382152649
3.1016657657813484e-05,539.515773218602
3.104259157677066e-05,534.952048949918
3.10675704590942e-05,530.0567154811274
3.2219517045731924e-05,525.8478027249014
3.224534395207707e-05,521.4188113141851
3.227267769669273e-05,516.9027455170291
3.348179409934141e-05,512.3222205333211
3.341330519816373e-05,508.25797305149916
3.452356467004569e-05,499.6705883053833
3.4491531413129e-05,494.98249555313276
3.572759712782691e-05,490.5913585472071
3.574336866259215e-05,486.4461910812897
3.576340044237837e-05,481.98367439889154
3.572979360498973e-05,477.9789531396809
3.5710557176867824e-05,473.3634001795961
3.699267215472857e-05,468.80385536501916
3.6981919433691844e-05,464.5939734807301
3.6977161782332704e-05,461.0890533019351
3.697180440436282e-05,457.1322636560291
3.6978025252542134e-05,453.1663993387235
3.8329829899079015e-05,448.9196521129992
3.834756653454731e-05,444.86672338861877
3.83593238642384e-05,440.2762513039717
3.8372123750660636e-05,436.4411312085466
3.9777615534815123e-05,431.6722210091148
3.979522218752413e-05,427.1076842335184
4.12646166591615e-05,422.8081495593637
4.1293435043426914e-05,420.77470902316946
4.131718506756399e-05,416.84851091949065
4.134083583393962e-05,412.9160151868869
4.13677187980762e-05,408.8220224077977
4.1399755065498374e-05,404.65154438974747
4.143804740724461e-05,400.3749571831996
4.151975538632221e-05,392.6974075333464
4.1558702146693826e-05,388.90067837905787
4.159363043239049e-05,384.8680156077036
4.1629894415662015e-05,380.6658831793737
4.166630630615181e-05,375.9384066531977
4.1703151414856975e-05,371.7527316512326
4.1741277341340105e-05,367.88958859129053
4.3297061480391716e-05,364.1118411933285
4.653855334875569e-05,360.9908276433552
4.827286332420811e-05,359.0245614036591
4.831782389040359e-05,356.5628570406222
4.836249849282473e-05,352.4561582832399
4.840564550604591e-05,349.0875188968529
4.84438472185103e-05,345.6800261708008
4.8481755615191374e-05,342.1803497884731
4.852163824936112e-05,338.9379424329348
4.8572061363427376e-05,335.575976825436
4.69108438930906e-05,331.9263508102744
4.8680214171821514e-05,328.5646339107323
4.872443917621773e-05,327.00233556934415
4.876671206981724e-05,324.1535674327513
4.880883023640754e-05,321.26732692107214
4.884994890481019e-05,318.40233694122935
4.888634947208216e-05,315.4165500055207
4.8923444790246856e-05,312.42924853219364
4.896400174493052e-05,309.3461561947425
4.900655788628974e-05,306.3759742664807
4.905096312288488e-05,303.37436855891565
4.737504601920317e-05,300.5221615198232
4.5757563072637184e-05,297.3188532067585
4.580100424086989e-05,293.67409151214315
4.7511562102667614e-05,291.1646894743726
4.756240513475595e-05,288.7762638289362
4.934389657985651e-05,285.3351755232246
4.940197239455016e-05,283.20431116783686
5.125576582262773e-05,280.88619284108313
5.1317708791834345e-05,278.4689198660011
5.137971694702997e-05,275.4017003857376
5.14440648808613e-05,272.2976753780904
5.151001352400125e-05,269.22572978990263
5.15779406215919e-05,266.15887071583177
5.1646476250712064e-05,263.0559447254541
5.3591092863849994e-05,260.2644616837254
5.563175305672691e-05,257.9275608586549
5.983795921362632e-05,255.3989867824046
5.5786360671713054e-05,252.0536000474101
5.58729660464466e-05,247.98631266871726
5.79936186228798e-05,245.5475553265971
5.808985424372136e-05,242.63496744565919
5.818500287594508e-05,240.41338478850483
5.827997943049481e-05,237.49175758113415
5.837471917261629e-05,233.6577666657285
5.8470546556898536e-05,230.78012676107983
1.3131081472541534e-05,804.2154259662691
1.3166372619304589e-05,800.6073822252013
1.3194364549461086e-05,795.952705159742
1.3695408042762502e-05,790.9410097135823
1.3711407591176357e-05,785.2908018549779
1.3722469509011048e-05,779.6225120554786
1.5828536072794934e-05,751.9647817457949
1.639677138916295e-05,746.6525462913686
1.698373302103426e-05,741.3274152552221
1.7591349494418626e-05,735.9974763350667
1.821988445889944e-05,730.6318789257193
1.8208527697980032e-05,725.3703877389466
1.8857348228764606e-05,719.868262852065
1.8845551364990895e-05,714.6024315403299
1.9514241556069655e-05,709.1412183714398
2.088124352491866e-05,682.9278713917545
2.162586086538385e-05,677.7690510658471
2.161393384560341e-05,672.4941824079656
2.160390244787495e-05,667.3170856866739
2.2379347029391413e-05,661.9568195782738
2.2371450553631218e-05,656.9116082251996
2.3172754575141765e-05,651.687968413038
2.3164893915376346e-05,646.8478247091297
2.5761915221288986e-05,611.5285241642588
2.5766487600169073e-05,606.6432968270798
2.5771089986693557e-05,601.6086573632526
2.671406312263224e-05,596.5756531122031
2.7691921127876858e-05,591.8690290372087
2.769861296894164e-05,587.0217312105256
2.7707268651835195e-05,582.2439537139693
2.8722515186323578e-05,577.2563603236738
2.8733150847614908e-05,572.4168484032996
2.9789244003715476e-05,567.5807239069318
2.9803179125371548e-05,562.7717728018333
3.0899915155469726e-05,557.841387849481
3.0916316707289314e-05,552.9697969033068
3.205713539587763e-05,548.0148872236239
3.324046055979567e-05,543.2090987453429
3.326294277424259e-05,538.5487128891912
3.328606357986721e-05,533.6089194771571
3.331042565364134e-05,529.1645192507431
3.333379628925543e-05,524.5871008136688
3.4567398814588284e-05,519.6843894783242
3.4589088958829666e-05,515.0827909709911
3.461365206255165e-05,510.4804333546975
3.5895871794178115e-05,506.3456823613694
3.725558594569075e-05,496.2692871395218
3.598078674218263e-05,491.71049609009873
3.7316069590332865e-05,486.1258484521981
3.871453475233173e-05,481.06785732361504
3.8660593594238595e-05,477.3005597057778
3.862267081953577e-05,472.2722365244479
3.724992414535491e-05,467.50052366580337
3.859456962768837e-05,462.7636841747578
3.860913519440759e-05,458.0109222914812
3.8594583082048095e-05,453.0377657402543
3.862182627987667e-05,447.7461842310038
3.8629100830514455e-05,442.57797806748334
4.0036589065051336e-05,437.5210776356858
4.14926540002228e-05,432.58554129122484
4.149512066778224e-05,428.9907143578561
4.1502522605586895e-05,424.0749025870792
4.006011749283431e-05,418.97732932420433
4.153337606767231e-05,413.5713430313372
4.155401733484291e-05,408.8787295494432
4.1576851559810435e-05,403.8312199961608
4.160461487961203e-05,398.93258845759874
4.1671357506000763e-05,387.4154984644831
4.1708219992656654e-05,382.12878329769967
4.483306519679711e-05,377.0940402517148
4.487512744864205e-05,374.49178829017563
4.491024974336738e-05,368.93928383454283
4.494412125166219e-05,363.5658036515081
4.49779462901091e-05,358.0979140196077
4.505357704134544e-05,346.9238254212632
4.3514196267698725e-05,341.6595456787422
4.355340129759709e-05,336.4778387337556
4.3594631134817466e-05,331.372627745947
4.522197354025525e-05,325.37372167012717
4.527222948480215e-05,320.00225079879965
4.697201104781063e-05,314.1621753037912
5.050907728426157e-05,309.90337677964413
4.8804099504384864e-05,305.133901579959
5.0639657219578165e-05,297.736391131536
5.069538849787094e-05,291.6888324431618
4.8974038944953154e-05,284.9850476841607
5.0806013067325225e-05,278.22465314837706
5.085915146680296e-05,273.2638179781032
4.741043695817663e-05,267.8047228093814
4.7464234456809136e-05,260.2022620547851
4.752423102720654e-05,254.19031869909008
4.931878559940318e-05,247.57430263305542
5.118591051441375e-05,240.7191685566499
5.3128409010526576e-05,236.2300159538536
5.3217281978493556e-05,230.0282417565086
5.330299041529021e-05,221.9846319368385
5.338460326972173e-05,214.02619557723517
5.742484928149112e-05,205.23782499812268
5.752081888647239e-05,198.98136503096038
5.761773223117485e-05,189.96652754516288
5.568573088476839e-05,181.56774608588267
5.382350789487028e-05,172.79237979906762
5.7911685011931844e-05,163.542279028347
5.803604769718465e-05,155.3441804375538
5.816127858469281e-05,143.63946624425418
6.261686407493229e-05,132.95211674169042
6.74418978273611e-05,122.6726394075494
6.320754925901912e-05,118.74107948606708
1.0529983237754633e-05,795.4335800357335
1.0917849115346267e-05,793.4742580077808
1.0921889951065276e-05,791.137595147399
1.1321349148377555e-05,788.5503492053372
1.1732557249827776e-05,785.7919727510182
1.2158136156982017e-05,782.9234271545932
1.2156174762562002e-05,779.8875807498732
1.3029552450488527e-05,763.6480741822555
1.3493511452431994e-05,760.2617862489319
1.3482986667677827e-05,756.8757948246256
1.3960858355001643e-05,754.1328208425386
1.3950305070994329e-05,750.8526195516495
1.444631511281499e-05,746.7349677059458
1.4434816817225331e-05,743.393707804318
1.4422213325288132e-05,740.1228710851152
1.4934277517700673e-05,736.7673270204477
1.5975875627131e-05,720.2845441505278
1.5964847504636238e-05,717.0785045514093
1.653394640214923e-05,713.8152944637646
1.6522914677922405e-05,710.6726238307367
1.6512072635192586e-05,707.5525530379082
1.709994790632266e-05,704.3108854491094
1.708881221798794e-05,701.2440785929872
1.7697498367221203e-05,698.0793538889549
1.892807285416146e-05,677.0756185607268
1.8918755011626082e-05,674.0661885324698
1.890949185621389e-05,671.0970335805796
1.9586737887045992e-05,668.2923774443562
1.9579137122528823e-05,665.3311934324335
1.9571973274130197e-05,662.442280162323
2.027528766989137e-05,659.6440718343257
2.0269860120818057e-05,656.8319168954449
2.0264719678819202e-05,654.0119310503542
2.0995578254990462e-05,651.2290280162592
2.099129598355561e-05,648.5082925366955
2.0988148480026823e-05,645.7813471621863
2.1746795964652914e-05,642.9693963665228
2.174461195667943e-05,640.2543048728244
2.1742487298984228e-05,637.5661407245252
2.2530156721903954e-05,634.7927487397701
2.2528758891450978e-05,632.1991979437519
2.334556132164655e-05,629.5254363392332
2.33451926246694e-05,626.9881854736907
2.3345326776302162e-05,624.3462570775434
2.334518065549032e-05,621.6486503858392
2.4191876323189848e-05,618.9340457945659
2.4192469044099298e-05,616.3269217666759
2.4192556564043765e-05,613.5239417083411
2.5071438329248333e-05,610.8665509009036
2.507329868632546e-05,608.9256486399217
2.5985067491747786e-05,606.6304014002277
2.5987674633359844e-05,604.2394475991869
2.599074134095926e-05,601.8322013634162
2.5994229352987976e-05,599.3846107986525
2.5999210509145207e-05,596.8296663175323
2.4215036117988247e-05,594.3214903046303
2.422063791500846e-05,590.7235849270978
2.4226983444087814e-05,588.3377916178457
2.6023973018870352e-05,585.9185130825941
2.6030157721425153e-05,584.5021530743422
2.6036736957889678e-05,582.2277082755506
2.6043480912696138e-05,579.7320678487948
2.6051065925375593e-05,577.6089498898318
2.7002050320025795e-05,575.3671408253688
2.700861303846591e-05,573.3601356655522
2.701612045502292e-05,570.9767527427297
2.7023959282726166e-05,568.7465292364573
2.6085435631547696e-05,566.1609906364562
2.6093295438239925e-05,563.122815089554
2.5187188157830423e-05,561.0172832261003
2.5194670152393793e-05,558.4855594942077
2.5202775972172192e-05,556.2457001455904
2.7074898675325652e-05,554.1193753198747
2.8066968873764446e-05,553.0334264877157
2.7093009786207993e-05,551.1453107014333
2.7102089501354596e-05,548.6292259809412
2.7111305937955015e-05,546.2223561867032
2.617089551648671e-05,543.8116903098836
2.7130412047614205e-05,541.4477058874222
2.8127438402989835e-05,539.4658876214985
2.81389013512999e-05,537.5916356566295
2.8150505569948678e-05,536.1417705302641
2.8161554429020872e-05,534.2401287002058
2.8171987893847176e-05,532.1278506561233
2.71969840950577e-05,529.9041347966706
2.720589949055777e-05,527.5887119727304
2.82040268276188e-05,525.4257321731142
2.82151624452797e-05,523.4097369531244
2.822658844614132e-05,521.4504058555983
2.8237587262146858e-05,519.377340900033
2.8199309254115164e-05,517.6850805348738
2.922483003086202e-05,515.8023891827805
3.0279968941767325e-05,514.8483665555731
2.9193866812761295e-05,512.9381326634909
2.9191391770786685e-05,510.6886924984098
2.9189278688843407e-05,508.5697158670184
2.9186765800936497e-05,506.4512521396703
2.9188396097445302e-05,504.486669086631
2.9187448374357086e-05,502.66820566070015
3.0245367878352888e-05,500.6474346205144
2.9194029475555384e-05,499.10431383745697
3.0257755971671417e-05,496.8069895405522
3.0262307185840447e-05,495.39415776314536
3.0265663709127956e-05,494.1821743679529
3.0268682274912266e-05,492.7569561885988
2.9213722355352434e-05,490.6608352643418
3.0285427612549572e-05,488.6829626131508
3.029710223116143e-05,486.9694021721946
3.0309030017222487e-05,485.2578230187065
3.0321647655478682e-05,483.43077797442294
3.0330319683241565e-05,481.7230410628582
3.0338157427806956e-05,480.0567917405601
3.144958730709572e-05,478.5729196244196
3.145664609433468e-05,477.5243165122926
3.1465344473378754e-05,475.542386247032
3.147325970053852e-05,474.0722900796984
3.1479583874142416e-05,472.83791352645795
3.14864766628797e-05,471.2059866824443
3.149438614959847e-05,469.611553239328
3.150539463883502e-05,468.0222786526236
3.151596280244466e-05,466.27683395293855
3.1526040122721026e-05,464.75616916921547
3.1535210705321784e-05,463.2482534463823
1.4424189677348202e-05,777.099705160699
1.4971674184061128e-05,767.5370133251773
1.55338964429809e-05,760.8964270824038
1.6113544159526067e-05,753.7651468063988
1.6710928203908253e-05,746.6556426705217
1.7326173265097548e-05,739.5666819290924
1.7961863514966766e-05,732.2949663107722
1.9991475166281666e-05,694.4537986931209
2.0716108317220156e-05,686.7170892487662
2.071544242104504e-05,679.1282107580097
2.1465234841559927e-05,671.3747959317602
2.1461174072519227e-05,663.873505684158
2.2237672100366766e-05,656.1061686139466
2.3042429268731476e-05,648.5546411420507
2.3042904310038562e-05,640.845582191298
2.5678035675507762e-05,586.4379136127001
2.5689966834289414e-05,578.7430925099809
2.6637021133699035e-05,570.6346590317944
2.7621088087972807e-05,562.3601621318318
2.7639685635730395e-05,554.7325090076952
2.7658358639507735e-05,546.5265993570988
2.868150517758885e-05,538.7545754420946
2.870295336089025e-05,530.719582356934
2.8726805115528028e-05,522.8237291465032
2.9796349071937402e-05,514.6745424770321
2.982667540878756e-05,506.2830160199271
3.0942769936477566e-05,498.24690831962965
3.09791741720115e-05,489.88880419075286
3.214112920360304e-05,480.7593717736428
3.217658990144256e-05,472.4356866446855
3.338136139018405e-05,463.9903071540692
3.3422669610709965e-05,455.69516185030517
3.467906527702956e-05,447.4340920484644
3.598469727607267e-05,438.8022064475396
3.603572440147271e-05,430.118388717611
3.739778569737235e-05,421.1582341166008
3.8800728385955136e-05,412.2985082593697
3.8760859929499145e-05,403.01856194164566
4.012466336183588e-05,393.2475526577437
3.871417429754002e-05,384.56237205043135
4.011011995798176e-05,375.59593054502363
4.011520505235602e-05,365.51121508203016
4.309816643260439e-05,353.5714189649606
4.312272915288065e-05,345.59201850066614
4.314689128521293e-05,335.06790654027736
4.317648939375512e-05,324.8742753815899
4.3221241513662596e-05,313.0743626401452
4.816851317849885e-05,299.6847339380002
4.824971548445256e-05,288.4256637760452
4.8347084597515696e-05,274.2461540252126
4.843118722673967e-05,259.9488378928658
4.677063565071436e-05,246.698776538761
5.044533379876261e-05,212.10954771748615
5.057271312079548e-05,189.5147359970974
5.263344094556369e-05,172.92746208026242
