45.441105928115185,0.00012998574326510172
70.72279203313948,0.00012487056596222716
90.02577917863466,0.00013388602747669998
136.84061781893328,0.00014278980488832888
172.40320613523548,0.0001520533020450986
168.4056851943828,0.00016926076313713358
200.97161399544032,0.0001801003187548654
278.726201849386,0.0002127424169818365
284.1009072358638,0.00022562594637207058
348.4581799776399,0.00025004569431369097
331.965101883383,0.00026421942806779367
387.55886463599296,0.0002918719645096054
418.745322895188,0.0003221449628547915
477.3920458247361,0.0003554188605528799
528.2439629741045,0.0003741259201611922
489.17063165943705,0.00041237936346603043
537.1790728338535,0.0004336372250893275
572.8222762578912,0.00045580339150927667
608.5798678280182,0.0005020231984598934
636.2371564039231,0.0005274736119114752
667.3832626636165,0.0005541106554627195
692.6911814992022,0.000582025211118798
720.7383339449832,0.0006112780876455957
742.3338654838658,0.0006419394262715037
761.5163297778706,0.0006740911144189317
780.2762330283334,0.0007078199082944418
803.2329588229367,0.000743194012146494
810.7715247628263,0.0007443106933137278
821.3364511630691,0.0007814575623186621
990.6000026058514,0.0008204368964209777
1001.9390429093221,0.0008613225748805446
1014.564715499102,0.0008624601992692823
1042.453052026299,0.0009064976709462756
1053.314340160469,0.0009515670096133029
1071.205762563613,0.0009526901817357654
1077.480766690936,0.0010000204980596635
1096.392669238815,0.001001147497981117
1105.193729907098,0.0010508647249337418
1125.020975001813,0.0010520033365817901
1133.765216237236,0.0011042146044393545
1122.387724656706,0.0011053731582008168
1171.804253640988,0.0012201618886548752
1181.385354670847,0.0012213509643355645
1192.664796572157,0.0012818521904279085
1202.4560174361611,0.0012830787099816052
1211.668854264073,0.0012842810119953563
1221.706363067824,0.0013478807308839168
1230.342744606469,0.0013491079414011287
1240.006376910067,0.0014158850906705548
1248.687305807904,0.0014171644705903853
1289.486935079106,0.0015649214011858132
1297.03927506157,0.0015662365128790434
1304.526611215996,0.0015675298185024136
1311.966339113992,0.0016450231924459622
1318.837217656814,0.0016463699546635665
1325.7681973201359,0.0016476901227969996
1332.330173068277,0.0016489896906991092
1338.658569227754,0.0017304745003358356
1344.991206253383,0.0017318263480931228
1374.470821066037,0.0018228307486384426
1380.053018820934,0.0018241601795603915
1385.340794307122,0.001914217451747514
1390.542424578769,0.0019156087100342784
1395.637377966591,0.0019169798799447183
1400.6196042521012,0.002011587630784094
1405.465297087589,0.0020130093176521187
1410.327557808057,0.002014423398731755
1440.541384756687,0.002225642175640697
1444.510880386723,0.0022270850792591953
1448.590371671401,0.0023368869788714676
1452.660554498988,0.0023384487093091907
1456.409486532117,0.0023400069367420597
1458.9009447428768,0.002341486583864097
1462.1243497788041,0.002342918311693785
1466.9004306310778,0.002344393992112422
1470.073803350931,0.002459922117727661
1473.001554240582,0.0024614491045534077
1476.478316444623,0.0024629893673231117
1479.822947899467,0.00246448488960261
1483.178691431589,0.0024659736418716836
1486.3420901073514,0.002467494177001596
1488.090397374805,0.00246896182373623
1491.170476268027,0.0024704237944634102
1494.233062431875,0.002471884216932571
1497.400596023367,0.0024733402009324947
1500.6648888143882,0.002474784084240968
1502.941979481893,0.0024762269533384327
1505.5700524867013,0.0025981746186836898
1507.97247853081,0.002599697425981901
1510.9368850330459,0.0026012235355197854
1513.047988154184,0.0026026982437179643
1515.9686125160572,0.002604126531941908
1518.821662021926,0.002605581999395135
1520.409750118511,0.0026070322372633414
1523.9551875093387,0.002608494478087906
1525.182570055124,0.0026099192989628775
1527.318945173062,0.0026113415138781025
1529.4718463707488,0.0026127585257408924
1531.698710857834,0.0026141720189552394
1534.038501489438,0.0026155787592311575
1536.62529768525,0.002616991393248334
1539.70835826962,0.002618405971943472
1541.670768523027,0.0026198069389904827
1543.5171559352482,0.0026211974725838345
1545.800946266672,0.0026225871252435664
1547.6079025375022,0.002754101284688074
1549.5147476318689,0.0027555813468317365
1551.947951194014,0.0027571095119695915
1553.4550969929169,0.0027585749244228067
1556.0029773846454,0.002759995371152333
1558.5927104881546,0.002761405518121205
1560.4682360130332,0.0027628104546216082
1562.248434133013,0.00276421115531266
1563.794166947694,0.002765603464206716
1564.625722610932,0.0027669877204566035
1566.363514421777,0.0027683667350548
1568.077039571116,0.00276974097823795
1569.7627627149661,0.0027711089424402972
1571.3737890582709,0.0027724659640264216
1572.673680442537,0.0027738191244505946
1574.398620576789,0.0027751701127090387
1575.6083919550479,0.002776511264979888
1576.75945354138,0.0027778488420782776
1579.896702501088,0.0027791799077054873
1582.212764595162,0.0027805069702805706
1583.821201373189,0.002781832797594934
1585.661049080245,0.0027831549867629395
1587.254170005803,0.002784470514482407
1588.775412534198,0.0027857835215708204
1590.440669636271,0.0027871130457346955
1592.00782655807,0.0027884216183399154
1593.574025680115,0.002932643018176375
1594.776453319628,0.002934033119598371
1596.2907115266541,0.002935405115987426
1597.508014718858,0.0029367901735821217
1599.879455750061,0.002938158674280964
1598.8968141181906,0.0029394852615760077
1599.881459344286,0.002940837304247761
1600.9668239113641,0.0029421829052672164
1603.2670562137866,0.0029435157378552954
1605.604778485311,0.0029448355581742133
1606.9535788083099,0.0029461550529592756
1607.038591481359,0.0029474665563477814
1608.142682713814,0.002948772631507431
1609.319465044758,0.0029500732871772977
1609.5607049233633,0.0029513828233631552
1610.781353410712,0.002952678857928524
1612.277789997991,0.0029539706712592944
1613.6065067417362,0.002955256982254112
1614.891175421677,0.002956538662127454
1616.128401801016,0.002957811564965422
1617.061773850396,0.0029590845980565217
1619.360891996957,0.0029603623088565512
1620.750320886395,0.0029616283902504014
1622.538920738634,0.0029628910919237117
1624.3727644516532,0.002964149847752061
1627.8579544236,0.0029678946354963764
1629.173425811518,0.002969134986274543
1630.231447087943,0.00297038891902142
1637.8142199989181,0.0029775633569931515
50.46151328261011,0.0001305704772487959
68.06600736253537,0.00013379278808646266
98.99816619894148,0.00014227447262168358
107.5563739032223,0.00015125363412842944
160.1979510941671,0.00016072841405971307
148.0509278597266,0.000170722797087827
242.6536071133546,0.00019216283547862442
260.4719591232533,0.0002035763696760258
302.8649690694885,0.00023841184478181975
338.5280168729612,0.0002515213826763987
335.9531312790733,0.00027759493942364026
370.5528133543274,0.0002923395609278636
414.0792538202522,0.00030775302203587575
449.8029763944688,0.00033928494177161097
411.5860174169309,0.00035689122186263695
518.4546237628019,0.000375225367838106
474.2989829298966,0.0003943902511834718
495.9239300554788,0.0004144339173239457
528.0020947338095,0.0004354363477937638
555.6952738534337,0.0004574002477592117
577.632667611176,0.000480420764614156
598.1858033049182,0.0005045504879000743
617.1258328990677,0.0005298410056573587
642.4823443993895,0.0005563565777031873
655.885427141792,0.0005841608053808512
672.899370672005,0.0005850915881382895
689.9906414983875,0.0006142858964219289
704.5644185127437,0.0006449110624835349
718.6759239127315,0.0006769908209490644
732.9495050851963,0.0006779253867157277
749.7476099808298,0.0007125083468670227
766.3033590155611,0.0007478766357746443
763.7780506865926,0.0007487636524133765
750.7075689693013,0.0007858998293752141
758.5473029935501,0.0007867900340455204
762.0621207496408,0.0008257808031114334
940.9442222220832,0.0008266800523350823
950.6658147700853,0.0008676164531856504
956.8393890796222,0.0008685331574502556
992.3035591255408,0.0009585092212763204
996.2029304736383,0.0009594215052481154
1009.845706077321,0.000960311261738207
1013.95118419966,0.0010077883344651135
1020.764816882186,0.0010087004692297132
1026.401450719326,0.0010095890616832845
1038.842668669033,0.0010594739497953106
1044.792994639027,0.0010603921074805284
1029.798091418319,0.0010612944705901803
1063.712308457752,0.0011715567833027333
1069.317265387906,0.0011724873560196828
1082.8827199246891,0.0011733993375992208
1089.190124064374,0.0012312870578281548
1093.848714576413,0.0012322357076643942
1101.790342323355,0.0012331702526646377
1107.557402170391,0.001234082539607548
1112.841384796855,0.0012949277090317994
1118.102437281424,0.0012958817987221917
1145.807723733913,0.0013636884848110859
1150.677889183938,0.0013646299749248145
1155.810746587686,0.001431876338569943
1160.497288667804,0.001432856990961086
1165.241364716562,0.0014338215224405735
1170.087503976607,0.0014347753554896211
1174.570685263892,0.001435721013614994
1178.909498235558,0.0015064393671363843
1206.991544053649,0.001586625999528309
1210.776047098795,0.001587600418339256
1214.6273199814,0.0015885663615003303
1218.511615132845,0.00158952355504626
1222.326811374661,0.0016677528310981506
1226.036209116161,0.001668759808750296
1229.573434766932,0.0016697524085728507
1233.058557233043,0.0016707361416722934
1236.404022132638,0.0016717084579461004
1239.808859931886,0.0016726733326071729
1243.10918816513,0.0017549560489196483
1246.327205212159,0.0017559612594715793
1249.429005965663,0.0017569578267694348
1252.490862837622,0.0017579478281843127
1255.608810695662,0.0017589290274418513
1258.772973730415,0.001759905540349377
1261.714506215828,0.001760874417887842
1264.8066647975909,0.0018474554324338084
1267.60257269226,0.00184847178152499
1270.654186998391,0.0018494765496546261
1273.662466779835,0.0018504754484804957
1276.567921942188,0.0018514729365793853
1279.4436481801802,0.0018524622058117258
1282.307195101158,0.0018534418978486472
1284.921722220579,0.001944555944699111
1287.644313332084,0.001945585333478593
1290.379713567304,0.0019466081511833914
1292.87145394871,0.001947620207331079
1295.357600013568,0.0019486274007409446
1297.921535219268,0.001949631979256899
1300.3759980737489,0.002045449489998245
1302.820526075704,0.0020464947556197936
1305.13833920902,0.0020475315814774448
1307.456684920433,0.002148155012066492
1309.756956376034,0.0021492390859823548
1312.044504894092,0.0021503163157956875
1314.351268588732,0.0021513916615432073
1316.691177306015,0.002257093848546972
1319.125426649733,0.0022581895245430885
1321.456646316596,0.0022592896157637493
1323.7003458679872,0.0022604127500625236
1325.8861444083889,0.0022615443576214232
1327.727173132834,0.002262670675647474
1329.752888028605,0.0023738278545054423
1330.902753467795,0.0023749643725831998
1332.907531161191,0.0023760306389371943
1335.831609209286,0.0023771007495938614
1338.029895563221,0.002378177970392788
1342.135984359812,0.0023803943536695295
1344.151668734612,0.0023814777991959515
1346.369396889167,0.0023825547565708358
1348.145779013196,0.002383668461957894
1349.757096201631,0.0023847952907995055
1350.944617655532,0.002385884811010921
1351.667306200694,0.0023869562545254437
1353.4223224154268,0.0023880142851202676
1355.1184880198512,0.002389068347448075
1356.879182883971,0.0023901178530352243
1358.421141091166,0.002507432144131838
1360.48709691693,0.002508541788947703
1362.321802296664,0.0025096513717624757
1363.69607206901,0.0025107673313532718
1365.256221598652,0.0025118766717630307
1367.672985961104,0.0025129756474829464
1369.362184452601,0.002514007367838781
1371.081397221299,0.0025150635894738136
1372.416844108156,0.0025161162886701742
1374.257042609502,0.0025171662662252007
1375.8730658667318,0.002518216141923746
1377.691550715643,0.0025192678950066894
1379.358920286701,0.002520361146833088
1379.3166904651032,0.0025214110039858376
1379.7507686743618,0.0025224423274488074
1380.9189700183179,0.002523472061437516
1382.421948188834,0.0025244978016042154
1383.9988006164779,0.002525520797347575
1385.573981529324,0.0025265456249934457
1387.247372443656,0.0025275786945493633
1389.197423634956,0.00265157552825629
1392.893132350422,0.0026537557874288516
1394.1368213471508,0.00265483656689213
1395.562008363768,0.0026559132688924346
1397.8185545274494,0.0026580391569010304
1399.500591507809,0.002659085736490761
1401.243302221734,0.0026601235616668314
1403.3267741317484,0.002661164379157296
1404.411318368288,0.0026622019882119666
1405.6725431110171,0.002663237090792774
1407.638238729533,0.002664272927859093
1406.554787846576,0.00266530425890051
1407.8236383295252,0.002666323417655237
1408.9851821662078,0.0026673378028778724
1411.830093384194,0.0026693589381142743
1412.646747198818,0.0026703604535360348
1413.446734357491,0.002671361349921566
1414.3874271505151,0.002672361104700561
1415.3734978033608,0.0026733564309375634
88.47191338139437,0.00013275944135014603
112.47604784129852,0.00012227528338236733
128.13509433314408,0.00013206550556614014
152.8062404688341,0.0001420084487366772
181.0836673036302,0.00014541482832180407
222.1386433275594,0.00016510932184737927
227.62936501831055,0.00017567777826245582
239.5924703908942,0.00018681194204928512
253.74263374900318,0.00019847734425136078
266.924652114846,0.00021077714382659854
279.4353246638084,0.00022356967094433933
294.45984042736234,0.0002370215457214944
309.5361584312513,0.00025113678480632366
322.6587686052233,0.00026595218521403645
337.809757543862,0.0002814228356807224
364.26724674594567,0.0002976761861713248
380.3663023659109,0.00031470399825313684
396.2053489188497,0.00033267141795737654
426.0105891814618,0.0003514708288837371
444.8115666870676,0.00035443722729897124
453.08561052403604,0.0003742099178023413
496.29512615398835,0.0004167072978943407
515.8852112761714,0.0004394948251847175
532.7129571063626,0.0004634104465629075
550.4523247362229,0.00046615495295513975
562.9413772182193,0.0004912326099617017
584.3192839532569,0.000517476251010008
600.5834602684273,0.0005449445544496129
611.4056269622965,0.0005474468385848017
625.7971379500102,0.0005763211532435723
671.2004208906708,0.0006435214399438741
685.6063046638556,0.0006458975768885777
690.7537473986401,0.0006794868532454769
700.7695530175401,0.0006818356560216386
707.6604088093933,0.0007171417192143383
716.0818659413446,0.000719459781612061
721.4417995000183,0.0007565821952963298
726.8246894915833,0.0007588806149660178
733.8032232222394,0.0007610976810412963
762.6195692061317,0.0008476519673557546
766.0726130628442,0.0008908327895279477
768.597596288495,0.0008929391968239535
903.4580256428037,0.0008949890980607437
906.2895074724762,0.0009404322400533161
909.5337867345368,0.0009424871619587505
913.069887016235,0.0009444799476755848
917.7372038264064,0.0009922740294695165
921.6989149304344,0.0009942834444465114
945.8945152644127,0.0010522726990068987
950.9401878770727,0.0011052349400422169
956.301053518246,0.0011071794450451984
961.4297171307647,0.0011090844178318871
966.5693024266716,0.0011109634308364047
972.2802969104632,0.0011667937936205672
977.5990043498596,0.0011687519433629175
982.6577877572348,0.001170675847451178
1017.277187338575,0.001301160093101224
1021.590923278736,0.0013030343021445392
1025.833097977642,0.0013048468348252954
1030.117335820248,0.0013065964969097847
1034.501833495238,0.001371773038817165
1039.055021341303,0.0013734947175330222
1043.286841862822,0.001375160039175113
1047.4450458898332,0.0013767683075510812
1051.45571247056,0.0014452313189393408
1055.729542635175,0.0014468422178757982
1060.116099651223,0.001448412893872386
1064.6693276453461,0.0014499668747662423
1069.261827949123,0.0014514982150004986
1073.646762427177,0.0015235638130563487
1077.923513367738,0.001525153146086955
1082.193917737139,0.0015267436814781472
1086.496584824816,0.0015283218995511738
1090.968693583618,0.0015298984684010573
1095.854988766116,0.0016058391227175175
1100.223643683224,0.0016075185956104588
1104.545017011918,0.0016091711289489092
1109.133450239051,0.0016108167154678652
1113.219874659321,0.001612446715802774
1117.562431466604,0.0016140725681934867
1121.809870384896,0.0016941505232307172
1125.751760384495,0.001695843024857611
1129.8197176222682,0.001697521671144391
1133.920284504299,0.001699193382669707
1138.110054624422,0.0017008587205275389
1142.260299312496,0.0017025049118443369
1146.017709407637,0.0017041380828311142
1149.725695049015,0.0017886302439307773
1153.45508896361,0.001790340484375165
1157.88348483951,0.0017920491127530244
1161.898246878789,0.001793743657540478
1165.793698676272,0.0017954207155904003
1169.498483112195,0.0017970889134988652
1173.222580821797,0.0017987498859606385
1177.346952767575,0.0018878807203359367
1181.2732284371111,0.0018896286016086962
1185.476625254626,0.001891358710929798
1189.316602892276,0.0018930794342169202
1193.328398894713,0.001894800156577659
1198.442625938943,0.0018965076241307852
1201.624967557794,0.0018982083655518973
1205.154601886379,0.0019922211556670307
1208.515057297365,0.00199398779063221
1211.842346167244,0.001995742157144726
1210.256850267087,0.001997489890048949
1221.854347103621,0.001999219800952613
1224.163620099321,0.0020009465269490967
1227.055886384807,0.002002660357082956
1230.061437342099,0.002004367701501785
1232.513799756111,0.0020060664485747537
1235.088034774689,0.0021053381389972508
1237.7215763981599,0.0021071133106080344
1240.440142905372,0.0021088806492725906
1240.3905214465021,0.002110648756801006
1244.514572552391,0.002112404148540453
1246.524378845939,0.0021141529902971514
1248.9168924722971,0.002115894523469074
1250.865235090039,0.0021176306805294064
1262.64881425638,0.0021193591119822272
1264.484063189941,0.002121079228869208
1264.467474202706,0.0022259749892712803
1267.778981046074,0.0022277805301222087
1271.360121290704,0.0022295735851860323
1275.223593941479,0.002231360099916539
1279.133869683257,0.002233142034344402
1282.898381826195,0.002234917721469151
1286.7281002142709,0.00223668525461729
1290.416182460833,0.0022384443485039636
1296.705307024153,0.002240204235334836
1301.0496306129448,0.00235093669049877
1304.568364770709,0.0023527672020948057
1307.899728444796,0.0023545898861042375
1311.200498920469,0.0023564065296123858
1314.409932087471,0.002358217227353525
1317.541132263051,0.0023600242211725972
1320.571389540529,0.0023618266315913994
1323.5231099050459,0.0023636210903979233
1327.04472843284,0.0023654140191197346
1330.236875655374,0.0023671968242826922
1333.180954953661,0.0024841506618637006
1335.994206442644,0.002486014699290695
1338.801593287711,0.002487864923186543
1341.526376841,0.0024897130652871795
1344.531569800988,0.0024915517820594626
1347.3386752133451,0.002493387726488667
1350.033469057381,0.0024952135854686116
1353.094271839542,0.002497032161348189
1355.938302769667,0.0024988455695964776
1358.638925003737,0.002622243621232247
1361.4914870836071,0.002624150382259824
1364.733203842287,0.0026260469999796936
1367.8521262694321,0.002627930419523594
1371.041985490946,0.0026298049730724394
1374.2440018881418,0.0026316724550104783
1377.5471092463488,0.0026335394734833956
1380.895526967832,0.0026353965551630196
1383.983328432799,0.002637247823524349
49.28419953861019,0.00011456867728624997
80.0198636965883,0.00011633413306405244
89.44450369000681,0.00012509935868048136
100.3215587930651,0.0001346038064927901
136.3177934552892,0.0001443220873658659
134.86857687398322,0.00015395182550210533
158.46314798587318,0.0001641490965523243
218.3489189417855,0.00017474419744666306
230.3324320820763,0.00018589503657220148
243.07950839002064,0.00019767088519085808
255.1619402459631,0.00021004507570568829
272.4348612935765,0.00022304221269655575
287.2038939323032,0.0002366192056247702
308.61776902397753,0.0002508308456477966
323.7593854938945,0.0002657830464822376
338.976201069813,0.0002813982377539792
363.1085671263363,0.00029778833631473214
387.61481719189237,0.00031497178980038307
405.1420732016037,0.00033295562999835233
439.4580443789122,0.0003517421009989779
454.5306738704746,0.00037152461336407495
492.5116910036301,0.0004140637055436754
509.8038758151957,0.0004369036295610017
528.1990255026412,0.00043982234714552503
540.6310174805383,0.0004637651280637657
565.4664103327877,0.0004888680650021313
584.0857042624258,0.0005151676662072709
596.3153903943482,0.0005427338211330357
612.0064394103126,0.0005453242400280395
628.2108204732199,0.0005742645719977594
682.6954983306027,0.0006416900574757104
695.4716827735132,0.0006753788788498902
707.372155396667,0.0007107752111719811
716.4918138923957,0.0007133706283673855
727.3145202497847,0.000715689675922332
725.7086344224755,0.000717818470098771
730.5020269454933,0.0007549507940661109
738.4685887437581,0.0007939821107568537
745.7445643963788,0.000796417481459154
886.7833912331444,0.0008461353796015561
890.5717970869937,0.000889300309672403
892.8404778674228,0.0008914402342313408
897.7556616442238,0.0008935421071457767
895.55728087842,0.0008953456303915923
902.5346115951847,0.0008973146441831628
907.6560521314976,0.0009429288623571382
911.5487624861368,0.000944928636534229
916.1670168120744,0.0009927352449211968
935.9466069615813,0.0010020367716513303
941.9659683820043,0.0010525942262280229
945.7525008992408,0.0010544370323247892
948.965064936167,0.0010562818181143465
951.500108178122,0.0010580693275412114
956.3681101768968,0.001059752120979957
963.1736091339944,0.0010614437102736205
967.6046860290379,0.001114738570671633
1005.008780942453,0.0011819456485647468
1007.090805516922,0.0011836397771463473
1012.840678693589,0.0012428695287147824
1016.681566098129,0.0012445566378061765
1023.981203499204,0.0012462990488065016
1027.182828198481,0.0012478514821717898
1030.287920216336,0.0012493555039024228
1034.450688680615,0.0013115669962015539
1038.961863702961,0.0013130870009461064
1041.05882476569,0.0013145086008558742
1044.822745096998,0.0013159827273478849
1051.990186676851,0.0013813935410348476
1055.561130162047,0.0013828092754635689
1060.211564493378,0.0013842728196822374
1060.144383461489,0.001385660938287131
1062.677734815609,0.0013871403636397425
1068.922983047871,0.0013885867531201542
1072.008677893653,0.0013900296160027823
1074.101835616629,0.0013914247225497187
1076.861901514977,0.0013928432037316593
1079.900221810301,0.0013942447016830433
1082.534283602746,0.0014634094520962807
1084.577791920417,0.0014649143973626203
1091.098797112338,0.0014664641575186021
1092.5179466625611,0.0014679346756484367
1102.765673939912,0.001540775255953457
1101.751305459484,0.0015423117382228606
1108.345097838052,0.001543842232109172
1103.473450784715,0.0015453288124967974
1110.661320999821,0.001546841390540213
1114.194087069716,0.0015483463744269939
1115.140530350276,0.0015498198766912999
1118.160146084803,0.0015512710136483337
1126.531856829784,0.001552825105397085
1126.5906782590719,0.0015542641817970348
1129.499519570364,0.0015557077376280913
1130.1581183170579,0.0015571548601828477
1139.1971584333721,0.0016343480401801028
1137.630521114689,0.0016358508704313502
1136.811529526354,0.0016373579298882587
1139.096612449835,0.00163889350419818
1139.589011477934,0.0016403664422649082
1147.940357768618,0.0016418489898338837
1149.728604771102,0.0016433423886432564
1153.158616923133,0.0016448197279118613
1156.001706233789,0.0017262855322235488
1157.768038783616,0.001727804107270174
1160.457072847706,0.0017293132418226406
1161.3965419997473,0.0017308709082682727
1165.960897761426,0.0017323910186579099
1169.025955532277,0.0017339171370228934
1172.809515372453,0.0017354499260306044
1163.5969930614979,0.0017368721399453895
1176.956195230257,0.0017383901452228264
1183.941083368454,0.001824402583038585
1174.654668454815,0.0017413478944595239
1174.588148238865,0.0017428238570657024
1187.780661138232,0.0018290439576082286
1187.264769422361,0.001830542597134674
1189.825845782706,0.0018321064712530776
1189.221865363773,0.0018336189462796265
1193.494818356895,0.00183515717544268
1195.427794840007,0.0018367149010244217
1196.8072281409281,0.001838197248820817
1197.294140255168,0.001839697328324173
1204.963517696373,0.0018412430433718543
1205.695602842929,0.0019322376206768713
1205.707867988544,0.0018441660936480153
1207.9269261719369,0.0018456481980548764
1212.034373982598,0.0019369004175104944
1206.702100898465,0.0018485642959237495
1211.601691023932,0.0019399809792753878
1214.038998331368,0.0019414257036262427
1215.52891862375,0.0019431318190000926
1223.1860581068,0.0019445227927704588
1218.9488505567301,0.0019459808974966295
1223.731230294064,0.0019475764863629312
1227.227820806895,0.0019490707965068694
1222.646287215078,0.0019505479867387213
1231.928894645542,0.0019521100819750352
1227.5114109944561,0.0019535789030315507
1232.384277938852,0.001955061000290672
1233.905786999848,0.002051659338936602
1237.868532174529,0.002053192419867757
1239.054114239519,0.001959484374697686
1241.767935993584,0.002056290583839458
1243.967738441502,0.002057849691459893
1243.2219188129159,0.0020593619126747995
1245.833961751989,0.0020608892871630843
1246.750611894711,0.0020624187267718856
1253.311999577121,0.002063955714928595
1250.470424217353,0.002065450224779703
1255.955492870636,0.002167400446851709
1258.274143834801,0.002068446619349522
1255.963441662893,0.0020699315614433464
1259.979837600665,0.0021721135632239304
1260.0518293885718,0.0020729143398214656
1261.92362072667,0.0021752172807481553
1264.73362361096,0.002176793245801608
1264.619812535892,0.00217836856637789
1272.735413359514,0.002179846826664751
147.6684705454987,0.00013412949286256332
145.2578109326134,0.00014339115197532117
155.9274660449395,0.00015284235018578687
184.59427292003159,0.00016269332152515524
234.87679855543288,0.0001730616833749698
238.70172051563,0.00018400761363340605
249.05019364756905,0.0001953978111431194
260.0436586148006,0.00020737511487418459
278.8191452674109,0.0002200071385975565
287.8173492043675,0.00023326975136099456
308.0258122495151,0.0002471287206377046
326.3814287017299,0.0002617734409377339
342.0658517798152,0.0002770047364087437
357.92201138092133,0.00029301517201885466
370.0852668070228,0.00030974156984116377
411.66148232878334,0.0003274427741365719
429.4380329919885,0.0003458792047696952
437.8479787789592,0.00034879787458866064
462.6784922407454,0.00036834152337083176
480.6296186132915,0.00038890158637280874
497.6631010443858,0.00041052367287629243
516.7834340068416,0.0004331740657888551
535.3359037298861,0.00043602931168251025
545.5593192802734,0.0004597543074872447
582.7536446117794,0.0005104825393254269
593.8948099360298,0.0005130436739666631
617.1301077179942,0.0005403125023822259
631.2176987661396,0.0005689569822473694
643.2523151972252,0.0005715061962009658
657.6955964341248,0.0006016303716620626
670.3692420211437,0.0006332394938965508
678.7758041813703,0.0006357807653008602
689.5704837290573,0.0006690199823099859
720.6887568655528,0.0007460017710010055
727.4030414176901,0.0007485632639478484
730.4554055148701,0.0007873449958483189
734.8297991453774,0.0007898788979215402
868.0518416425588,0.0008306517469842453
873.1132739744929,0.000833130635452043
880.0917045896771,0.0008355266842065981
885.5182009680899,0.0008783854380131085
892.1629217690303,0.0008807442565733882
921.8827961582814,0.0009800649107607842
928.755091551656,0.000982302469955577
934.0843386954097,0.0010321871958133741
939.417105169171,0.0010344307086781446
945.8827527269136,0.0010366197303189066
950.9365117453103,0.0010890997349031404
955.9528294663072,0.0010912945417898242
961.0171813420417,0.0010934268519578042
966.9615104222446,0.0010955051948264153
990.9708880226013,0.0012151954313310298
995.4415838335312,0.0012172755033348019
999.7670904932297,0.0012193302579926006
1004.0008307732152,0.0012213516481325085
1008.815367888819,0.0012827249863133542
1013.017063536675,0.0012848194701986723
1016.93405408941,0.001286895299858183
1020.877376391205,0.0012889494289430885
1047.097101670679,0.0014321790481160853
1050.413572591744,0.001434165910409763
1053.709113840474,0.0014360830275883102
1056.9486012239752,0.0014379339024768278
1060.253571258329,0.0014397309930206663
1063.7581227500486,0.0015114573913780117
1066.924711473865,0.00151322720047837
1069.913809813913,0.0015149337238411242
1072.765368153181,0.0015165925379598073
1075.632407324719,0.0015182126703422016
1078.450661652369,0.0015936067556734108
1081.3425163278791,0.0015952839751767363
1084.373553749268,0.0015969409146267869
1087.390475527754,0.001598576958471298
1089.886082218276,0.001600202703392262
1092.569385848848,0.0016018240438368605
1095.596487451412,0.001681325866155008
1098.491607023481,0.0016830434268337547
1101.084328770881,0.0016847536861859934
1103.5161771655949,0.0016864562173092663
1105.964578107435,0.0016881510916188858
1109.114888353482,0.001689842245468921
1112.409688878086,0.0016915189367118421
1114.134305106633,0.0016931875243683466
1116.196355741663,0.0017771776871688017
1118.417359096049,0.0017789166857453595
1120.6275400241802,0.0017806441268101562
1122.773321220141,0.0017823588799793534
1120.759930133555,0.001784067839415651
1133.357237608678,0.0017857645069382984
1132.207776563147,0.0017874490762662325
1133.590159090613,0.0017891255845537025
1135.298405105006,0.0017907969175274944
1137.1528231467262,0.0018795476722869133
1139.0516450505881,0.001881296184850531
1140.918532032924,0.0018830396852328327
1139.709378354282,0.0018847829616634318
1142.241817357917,0.0018865126399289995
1143.996493281112,0.0018882319446714248
1145.7334192521291,0.001889941415349296
1147.439282998376,0.001891643680350816
1149.0866843626109,0.0018933375685622122
1150.800602459725,0.001895024109255186
1152.554105510046,0.0019888652769105004
1156.9663008397529,0.0019906325606206306
1159.107528933308,0.0019923860543235006
1160.7748634788381,0.00199412890532291
1162.476188522504,0.0019958625180300747
1164.194467725641,0.0019975889709447506
1165.9503671487848,0.001999306434392217
1167.671826724177,0.0020010164527379487
1169.345034655528,0.002002718685727137
1171.057779743282,0.002004414705986839
1172.78787919956,0.0020061040181023216
1174.904088580643,0.002007792800433291
1177.0176891934261,0.0020094761794506445
1178.575528375101,0.0021088922394800194
1180.413099466643,0.0021106502443575216
1182.149010825469,0.0021124007674732273
1183.864541516405,0.0021141437466513295
1185.64487666303,0.002115878893637494
1187.395844858929,0.002117613614157016
1188.910476719119,0.00211933178342076
1190.860196566488,0.0021210485673050323
1192.3874661748,0.0021227566347345596
1194.01256468629,0.0021244584897432144
1195.52850610373,0.0021261572695085618
1197.212704230358,0.0021278515338776925
1198.786463533883,0.0022330496519541235
1200.412339233583,0.0022348226187797154
1202.0565986752804,0.0022365914863972255
1203.823837782119,0.0022383554837407085
1205.408232493603,0.0022401113581321077
1206.8918358917128,0.0022418555685811505
1208.367777692025,0.0022435885506401376
1209.83047670642,0.002245318986485182
1211.325626910525,0.0022470400725498317
1212.769770419819,0.002248761875309302
1214.6201607927499,0.0022504701106546383
1215.984162407678,0.00225217387919181
1217.267453475886,0.002363434880690718
1218.558760822812,0.0023652154324463382
1219.976103248682,0.0023669904433079865
1221.368127533126,0.0023687622642280543
1222.8526045670371,0.002370530553280219
1224.293945604794,0.002372289632666231
1225.7611673978681,0.002374043874491672
1227.692293777121,0.002491295379174056
1228.528421080342,0.0024931326241989407
1230.210979370644,0.002494966077342266
1231.589106921775,0.0024967884874907754
1233.003569778705,0.002498599645802286
1234.392468759268,0.0025004195559742925
1235.819624010479,0.0025022244917368565
1236.794434732577,0.0025040232036277277
1237.948380647824,0.002505792911995305
1239.527899107936,0.0025075538834438285
1240.722910003874,0.002509310758295655
1242.062040715083,0.002511061067331228
1243.418087075612,0.0025128079781540744
1244.660637665413,0.0025145521748523706
80.02274460630629,0.0001264416841175914
89.95897928429486,0.00012497624507160345
99.0293512578555,0.0001341387989762886
144.5691160076119,0.00014333558337569646
141.76132875271108,0.00015279163365153274
154.9046564879419,0.00016264592602098323
179.2296711451291,0.00017302613008132446
245.8240537300186,0.0001839830307554783
243.402172822299,0.0001953772746394288
246.14202820684815,0.00020735168302276943
247.6398104630251,0.00022001697041351342
357.1751475332161,0.00029301400970625796
370.1535619486319,0.0003097804526550465
411.11092848811415,0.00032744753868170544
428.7489564123632,0.00034591386413463797
437.77772565796164,0.0003488364319575494
463.0740211735028,0.00036836886014818455
489.0786677045647,0.0003889478312878703
500.5629049572003,0.00041057763270797783
510.64445487016195,0.000433229645383481
536.1644322043257,0.0004360995081655609
548.7447713798032,0.0004598048373977384
585.550380296786,0.0005105608279300179
601.6523961279212,0.0005378074068161228
619.8345744067994,0.0005403999607563135
630.7423578572058,0.0005690501143827039
649.9263696124349,0.0005991308856434595
661.0610106465638,0.0006017335607308125
672.9270021246617,0.0006333368752393369
685.0684150866863,0.0006358770151536777
694.0713973673387,0.0006691368455804585
719.7290036019365,0.0007461167325401797
724.3467568095584,0.0007848539081210575
855.8903060134205,0.0007874730945490618
861.9772707465904,0.0007900028734148397
868.0999305289149,0.0008307760120670829
876.4072277071601,0.000833262992474643
883.0598396054756,0.0008760877222035582
891.4407903940935,0.0008785241844886914
898.1661834089427,0.0009235237456191193
933.7023733358313,0.0010277052479047949
940.0041237771879,0.0010300502820364964
947.3488106270528,0.001032345041833742
953.4573937092807,0.0010847146191836669
959.4134292807687,0.0010870132367717155
966.4429617861293,0.001089258277531245
972.1911428213803,0.0011443569980415748
977.8039029633541,0.0011466072893654127
983.2915688371538,0.001148795728303683
1011.277419244277,0.0012153494558212034
1015.88462442887,0.0012764951449463413
1020.6634630115719,0.0012786493810631081
1025.351680970644,0.0012807770852044512
1030.913741503758,0.0012828824739862961
1035.3150987452361,0.0013473217498761452
1039.89861954364,0.0013495088854418762
1044.210822492938,0.001351673491845182
1073.580572998385,0.0014323538488797637
1077.309327507503,0.0015039605508176581
1080.962775697798,0.0015059804912728116
1084.6089068503059,0.0015079256855905826
1088.160792796152,0.001509801856178751
1091.627729281599,0.0015116064546191518
1095.00129542215,0.001586849374437068
1098.809625355876,0.0015886607155799848
1102.360017191953,0.0015904067265337567
1105.61976382625,0.0015921079504316613
1108.850482875304,0.0015937776134633166
1112.102946074446,0.0016729165557230914
1115.6616986386591,0.0016746545124057715
1119.017208299565,0.0016763880945817413
1122.054829577542,0.0016780968067506765
1125.763101124394,0.0016798059064873831
1128.787789616992,0.0016815029420193034
1131.659267830489,0.0017649697597767482
1134.478239300977,0.0017667566077204104
1137.34686073471,0.001768536834636609
1143.2125643645152,0.0017703213191374815
1144.622185290565,0.0017720940586185383
1147.129546013062,0.0017738530948421167
1149.714238018297,0.0017756013855275707
1152.316335341538,0.0018636893568247039
1150.575192453598,0.0018655139092350168
1154.226826435935,0.00186733126955744
1153.013200414624,0.0018691319400184626
1167.8092311184039,0.0018709207724769367
1168.724258048064,0.0018726960858282565
1170.26177816835,0.0018744623170463377
1172.123834144659,0.0018762193269115295
1174.170202413148,0.0018779666762507976
1173.166491619308,0.0019710561622596676
1175.85606539167,0.0019728882127763706
1178.302564788671,0.001974709392155633
1180.63267309146,0.00197652550358664
1182.9834003670019,0.001978334922170449
1185.197796403014,0.00198013607519278
1187.399496857241,0.0019819310930459058
1191.476374633882,0.001983721269148412
1194.142030502017,0.0019854990428552015
1196.359827127689,0.002083841487468869
1198.769271917407,0.0020856964398792174
1201.0439918414431,0.002087542900079308
1203.335935093293,0.0020893795361839546
1205.584453932674,0.0020912069653588865
1208.059181362561,0.002093026950910953
1210.643306062554,0.0020948403582637613
1212.681341323223,0.002096639603304389
1214.922325534332,0.0020984303740502704
1216.966629538034,0.0021002134090288755
1219.173198109452,0.0021019893612939373
1221.263857786618,0.0022060068421837545
1223.3480389807091,0.0022078616174784895
1225.432008163423,0.002209708149252244
1227.485324096087,0.0022115464322549115
1229.799992346786,0.0022133889552676963
1231.90596525663,0.002215220004109365
1234.347339760825,0.0022170459519212917
1236.655700606383,0.002218867091051281
1238.954032800438,0.0022206803481684455
1241.2366152847521,0.0022224884288671895
1243.4302096492709,0.0022242956538277357
1245.757702005879,0.0023343069128791646
1248.001958142245,0.0023361870159700725
1250.0028546281442,0.0023380619032648212
1252.271399392763,0.002339928236715472
1254.262820431597,0.002341788974119935
1256.671915032754,0.002343638613731565
1258.682820550394,0.0023454828949089858
1260.606479350321,0.0023473172949520435
1262.650049512082,0.002349143607731634
1264.610894296492,0.0023509653420470816
1266.626972176417,0.0024671693064755662
1268.613490680314,0.0024690760582707894
1271.10085919509,0.0024709813049936945
1272.490309472235,0.0024728768249374215
1274.539605013565,0.0024747620815564965
1276.682819319765,0.0024766423776210974
1278.491726212591,0.0025990298929101053
1280.513553162044,0.0026009945736108014
1282.535190734652,0.0026029477719697516
1284.392351882143,0.002604896645097869
1286.508179419131,0.0026068366361639604
1288.6486799544411,0.002608768714322314
1290.368609656452,0.0026106895758429382
1292.5023342651489,0.0026126043500470488
1294.554777189046,0.002614507350013048
1296.6134035123891,0.002616397543304513
1298.4155609443872,0.0026182843356554256
1300.492718534837,0.0026201629855870843
1302.292577898962,0.0026220293471676836
1304.060135790692,0.0026239059103614682
1305.875734966207,0.0026257714342662617
1307.699045230994,0.002755403341290872
1309.027746443972,0.0027573605051071314
1311.571440523621,0.0027593145606784283
1313.466011483933,0.0027612663380757823
1315.313932450879,0.00276322938749647
1317.0575639842739,0.002765194764644722
136.9838105206723,0.00011900150572801037
164.92113952718617,0.00012879736136554582
165.5771601786295,0.00013303939560723376
165.0393341236444,0.00013682409245877253
197.34204166133668,0.0001462216023223609
215.782876247794,0.00016303404892838342
223.454290355885,0.0001737184392301753
234.3448322618195,0.0001849100283836205
241.69300778663631,0.00019665389520978044
253.52158802284058,0.00020900785595195952
276.3244444525989,0.00023239232235386633
293.5256593176196,0.00024660746406703727
312.5770650447771,0.0002615219132779612
332.9877550684825,0.00027717740827654325
360.8391953159148,0.00029355521165753615
368.6245141167591,0.00032540342276463416
405.73911091019517,0.0003442974989429169
430.4696404141994,0.00036405673893334325
460.43476114735427,0.0003848149664933199
500.40145946342597,0.0004065929026558499
524.3465110491638,0.00042948162118605973
572.9155196686731,0.0005015856279940211
605.6487297985411,0.0005292015224932599
633.6610498886778,0.0005581120898354498
658.1985610398262,0.0005884347370902421
677.7093077728198,0.0006201652595019945
707.7708171857213,0.0006533546649828372
730.5718564010518,0.0006881790058110718
750.116462219901,0.0007246816358067298
769.5298216760208,0.0007278442637098077
942.842424772744,0.000852157034375143
958.5928921090007,0.000896699342348979
975.7668341530832,0.0009434663301644433
989.0612076976823,0.0009467161031097274
1005.509175910488,0.0009959085616456447
1021.727459111742,0.0009991451611945543
1035.484977271132,0.0010508616068337705
1051.046627258086,0.0011051761955945063
1064.347827836924,0.001108442342356
1131.348810840012,0.0012950014512307822
1143.888887293916,0.0012981893520765625
1155.450406696788,0.0013644427919349417
1167.1416332346448,0.0013676154047464757
1177.581093006913,0.0014372305436902843
1188.5465431667171,0.0014403952599772566
1198.313222825159,0.001513550964090052
1208.563042002905,0.0015167177698513772
1217.686929092278,0.0015197838562107187
1260.7265586810158,0.0016867422596921026
1268.466007042986,0.001771770813356929
1275.675126530884,0.001774815198850107
1283.487325578586,0.0017778152282580911
1290.74901637877,0.0017807787200220867
1299.104639845094,0.0018703793558921878
1305.365466620347,0.0018734319515374867
1311.756319456854,0.001876449597285951
1348.97916448989,0.0020860082755902658
1353.725268674717,0.002190650739903145
1357.17680713728,0.0021938568929915168
1378.102685950445,0.0021969666627367278
1373.474939719339,0.002306956978429198
1379.174021657571,0.0023100576036838272
1384.8563712514651,0.00231303920562939
1390.166005739295,0.002428495380370486
1394.8461396560322,0.0024314122280538262
1399.447241772089,0.0024342372194760273
1404.0514375596936,0.0024369550575533876
1408.5510818214318,0.0025582537018641735
1413.0216302115232,0.002560990399947623
1417.007390356465,0.002563676395571988
1421.129774658681,0.0026911200143082043
1425.463094628226,0.0026938681378401493
1429.360843536391,0.002696587704746984
1432.8179647959948,0.002699296618763094
1435.964827170196,0.0027019960679390094
1439.4333329578699,0.0027047047348732474
1442.027077112558,0.0027073916213503743
1445.149384931395,0.002980170151751692
1447.548995841932,0.00284478538538019
1452.288888011407,0.002847595782698799
1455.834383677301,0.0028504081978621707
1459.058354967875,0.002853233291250312
1462.2474567532752,0.0028560572477090117
1465.2422648347253,0.002858865757918598
1468.976900390256,0.0031469086631134083
1471.059246862427,0.0031499691341222926
1472.364617016879,0.0031529879460089442
1474.9861139019172,0.003155978936886206
1477.610846505979,0.0031589603707770568
1479.885058306289,0.0031619323340852314
1481.793515209194,0.0031648810811918918
1484.541879850683,0.003167700461926859
1488.251865962665,0.0031706191865024788
1490.738046979925,0.003173573661337242
1492.9271768215342,0.003176492996809529
1495.199924042237,0.0031793992199834475
1498.3784529116324,0.003182285853442481
1501.196210578223,0.0031851656257482325
1503.403350509527,0.0031880318149485306
1506.017058558298,0.0033461154522203113
1508.192857540383,0.003349180280298545
1508.488461751298,0.0033521833446289355
1510.928560828001,0.0033551519009651968
1513.455772542563,0.003358136853588769
1515.967100748949,0.003361052009795813
1518.4065629790384,0.0033639632861482346
1520.5989088552121,0.0033668488285650048
1524.246431307787,0.00336969980433888
1528.090473083801,0.0033725418916713897
1530.30629530163,0.003375425998730295
1532.2010283900681,0.0033783224523872128
1533.4494839672861,0.003381186749834324
1534.863768663199,0.003384038099875389
1536.506546797586,0.003386863827956567
1536.9475720857129,0.003389684612485614
1537.976454402579,0.003557521976170466
1539.342016175506,0.0035604758549217246
1540.695993783219,0.003563417259984795
1542.013362549425,0.003566270252761763
1546.350515699339,0.0035691801879970766
1547.960627453421,0.0035720957491548713
1549.1912986011841,0.0035750045781900875
1549.140599404473,0.0035778791155571944
1550.258149789877,0.0035807598957830885
1552.1114703794046,0.0035836212527620287
1553.4761486947962,0.0035864756127737514
1555.690140843074,0.0035893217724789353
1557.613573118866,0.0035921648626544606
1560.110815892763,0.0035949793640930273
1563.0908707075048,0.0035977889036258744
1566.97010379862,0.0036006291715628413
1571.751808879314,0.003603415723562376
1572.326451124899,0.003606193698679918
1573.46669472863,0.0036089721932434145
1574.9605368302139,0.0036117441723864437
1577.516915561309,0.0036172667089037396
1578.9316450448441,0.0036200151087521382
1580.0654543324772,0.0036227595082784143
1581.394926675141,0.003625488474154362
1582.567605631775,0.003808195030799161
1583.8435428843302,0.0038110665284874267
1584.901845871674,0.003813927769184795
1586.0051822806922,0.00381671080973084
1588.689683652131,0.003822347424407518
1588.6174277980124,0.003825125533784684
1590.420028778891,0.0038278909496512466
1593.2060369247022,0.0038306647777714567
1594.445049269525,0.0038334229550428017
1595.477135367744,0.0038361747447375905
1596.271749225698,0.0038389256913784783
1596.568714219278,0.0038416778861301826
1596.868028896905,0.0038444171538835163
1597.935842897984,0.003847146164332906
1597.9589876210791,0.0038498682857664255
1599.250752478848,0.0038525858745078745
55.754973626040076,0.00013278269314777652
84.44591630029917,0.0001278583483385723
93.06963060397105,0.00013232035502870748
157.072145270421,0.00015237955891501842
156.18157449759468,0.00016268413014015374
166.8433292836767,0.00017344613976526848
237.8404904233128,0.00018459176065083218
249.9604506578373,0.00019637441037892382
263.2119423555993,0.000208751731006413
285.8160109751888,0.00022166184265040183
294.5123272577598,0.00024621039445942185
310.6503220242561,0.0002611512467318949
332.9248739171886,0.0002767457055323118
358.8177473619764,0.00029312909833146525
367.5255193808722,0.000310228897205788
398.2441638882846,0.0003281817428703225
425.56073601729895,0.00034700062786887455
440.48869676138014,0.0003667856480043908
469.447166661208,0.0003875216168407971
497.88942374849063,0.00040930496234230874
520.0845087968262,0.0004321716381033595
562.7031299451455,0.00048123149349402796
585.2440072566103,0.0005076128455582928
607.6650202236895,0.0005352057792801216
637.7648450022114,0.0005641982037527365
651.5801020429097,0.000594549648157611
674.1401591181861,0.0005975322187744349
697.8052562682575,0.0006293136174172928
718.1353324043832,0.0006626232375256581
734.4926822501628,0.0006975862558296061
785.3007394233498,0.0007788593235434859
792.7743572978274,0.0008195110041910352
801.6001079383844,0.0008223845758461552
807.0932270299353,0.0008651007092905321
813.1899908223958,0.0008679395893925374
960.9623428461723,0.0009128404022782238
968.7059861558178,0.0009156520363032106
975.2195011213756,0.0009628410180318814
983.384727210764,0.0009656090364672857
1024.055025148284,0.0010753579346053296
1031.4704934525141,0.0011301916044476055
1038.971358405418,0.0011328172739201079
1047.580980294872,0.0011904413244706003
1055.19317928834,0.0011930804418361848
1062.69499804829,0.0011956401073585923
1071.068119299372,0.001256264938533822
1078.448880874005,0.0012588224792240922
1085.764673308419,0.0012613157963318642
1122.506618574066,0.0013995851235454387
1129.516103723355,0.0014020315818638494
1137.209232674054,0.0014044387093653887
1144.664262816725,0.0014751304839323962
1151.917604806558,0.0014776178972803252
1159.855105979242,0.0014800700304201057
1166.416336514395,0.001554493975846002
1173.18520175739,0.0015570291929779864
1217.627725583585,0.0017305717635130258
1223.107529744724,0.0017330371908680317
1228.418831563068,0.0017354262570926065
1233.506574856918,0.0017377342413236172
1238.470842039489,0.0018244967794622121
1243.296959674462,0.001826755771536435
1248.4990097927118,0.001828943974541515
1252.975217423352,0.0018310532471864016
1257.3724195417951,0.0019221722517172443
1261.656750040103,0.001924274396479114
1266.161234214788,0.0019263327256768383
1271.016419279113,0.001928358457929517
1275.372281879438,0.002024175069799039
1279.535887669512,0.002026274337667252
1284.294038232825,0.0020283637652167823
1288.660076813571,0.0020304442580002567
1292.3449100287598,0.002032514000020064
1296.111252563898,0.0020345803539701546
1302.6738438506238,0.0021356373836257294
1306.098605827313,0.0021378143087289916
1309.064290728048,0.0021399825079933773
1312.2388729326171,0.0021421401661077854
1315.513341043436,0.0021442870717048555
1315.684897691613,0.0021464401922679515
1319.28722497522,0.002148567972645043
1322.2648706270888,0.0022552271411088193
1324.921155773345,0.0022574379374366367
1331.517690412771,0.002259639513421036
1335.2273262609751,0.00226182490749755
1338.637397903089,0.002263992111417795
1341.962798530086,0.0022661458393059774
1345.471083772205,0.0023785544787272477
1348.661085204596,0.0023808099915948685
1352.1072024957762,0.0023830465670709538
1355.388019922553,0.002385278636399442
1358.536862300123,0.002387498042519141
1362.110307363783,0.0023897083476764674
1364.977742177976,0.00239190506539688
1368.026998756173,0.002394091173011897
1371.08703048093,0.0025127797395895026
1374.141439437765,0.0025150547059711076
1377.21403862143,0.0025173237014742686
1379.939503072909,0.0025195814767541447
1382.9613860996662,0.0025218263773930283
1385.725000770018,0.0025240601111167433
1388.3904114297186,0.0025262883606088486
1391.3453997031588,0.0026514542120769746
1394.38015357172,0.002653781332910321
1397.3485120702273,0.002656096755862064
1400.0674314887424,0.002787667663843547
1402.834151429128,0.002660661160863574
1405.538874626113,0.002662925339145081
1408.496474376183,0.0027948042373817936
1411.0499007845099,0.0027971665702951937
1414.1620161327319,0.0027995054656285144
1416.75179263156,0.002801847041745257
1419.183180414412,0.0028041755130759605
1421.6490064689276,0.002806502545351028
1424.6335595419293,0.0028088233777503525
1427.067421571709,0.0029478812210015724
1429.6553880686467,0.0029503899698770384
1430.737882231979,0.002952812000761647
1431.79191883664,0.0029551638074258317
1436.591399605179,0.0029575342447013746
1438.8687335433194,0.00295988712765324
1441.372272000233,0.0029622357324008116
1443.673911565723,0.00296458574922155
1446.798240497214,0.002966935097271875
1449.438363334269,0.0029692771503779408
1450.882693369003,0.002971611999036234
1453.5147613496729,0.0029739464088969604
1455.531403306624,0.002976296391169027
1457.7019079880108,0.0031235133677635146
1460.601411300962,0.003125994910458204
1462.102409078925,0.0031284467759889597
1465.137181331977,0.0031332623017569627
1466.851948988565,0.0031356443955331643
1469.418353677786,0.003137976108401992
1474.2130575841488,0.0031403608928379173
1477.263340555608,0.0031427820997683713
1478.049073302074,0.0031451505933802067
1479.594221101452,0.0033006164823520417
1481.1283610626708,0.0033030350474617773
1484.4498864354919,0.0031521420656481073
1486.8011349225321,0.0033078886351674093
1488.8537595954379,0.00331031159451329
1490.846691137844,0.003312726223922009
1492.8112013969119,0.003315150444802822
1494.408194615907,0.0033176328878183944
1494.687911067537,0.0033200582716055977
1494.918154513495,0.0033224583752859494
1496.734138347378,0.0033248502314988985
1498.158227568426,0.003327234302493861
1499.774217799698,0.0033296145487580393
1501.3869706843689,0.0033319821623307793
1506.272658072861,0.003334311643408354
1509.478719119232,0.0033366413739438763
1511.934819177388,0.0033389869149385103
1513.0400663132862,0.003341352808853294
1514.037976164032,0.003343721322360854
189.2540624989581,0.00012671977097232184
177.5183625947195,0.00011712603012318788
243.91347230947048,0.00013620474511466413
312.4878509171458,0.00015593567323464677
318.942625030168,0.00017403664652880716
333.7070852550972,0.00018556838714695045
353.2735694869381,0.0002068898216775297
371.163799107114,0.00022019951934505266
400.436982514496,0.00023404414740422892
434.9332848400753,0.00026021281088914626
462.722308974674,0.0002891573328656203
510.5792087424634,0.00030652319589502417
519.0524657736339,0.00034002883618347145
581.314092226457,0.0003982351213987772
607.3622410650796,0.00044037398548304736
637.9322079465255,0.0004864345751002785
654.4236074654192,0.000536802719550063
695.6690581714669,0.0005647857784364998
733.9338294689368,0.0006225624632357832
785.040154297155,0.0006545564289650121
766.7756475122621,0.0007213355623128267
792.3111038663228,0.0007582613389343066
814.7771616684639,0.0007969952049519023
831.5960470450717,0.000837631560987454
984.883001533723,0.0008802599939841076
1033.611005748258,0.0009270952178042245
1052.551043233725,0.0009741485477839567
1074.1370451669,0.0010235452158732896
1095.147984686289,0.0010754049941061822
1115.534466563971,0.0010776141591900383
1136.11252877585,0.0011321473542369527
1155.464778881045,0.0011894095074094036
1173.831794094825,0.0011917359850540724
1192.782535511388,0.0012519864137826198
1261.846893463364,0.0013867683160722392
1277.526655027518,0.0014567230297318442
1293.197345901538,0.0014592939117678478
1307.806304818354,0.0015328510889361672
1321.987045425745,0.0015355003475880826
1335.8235708789698,0.0016128239983537965
1349.4823062611501,0.001615568277385101
1362.4935136606794,0.001696872680706764
1375.18160227757,0.0016997044185751338
1434.3237874771921,0.0018840826982169606
1445.1474686436306,0.0019787638676499876
1455.885929727876,0.0019818551459697942
1465.9355061746994,0.0019849212364828686
1476.258698023789,0.002084591530165587
1486.347680350189,0.002087776610296349
1496.116775796799,0.0021925746173549776
1507.0971320113401,0.0021958564261323876
1515.3542090522,0.002306011776067029
1556.6061388297974,0.0024356984864307455
1564.889617108658,0.002439150063322285
1572.383738227208,0.002561356066599659
1579.904126609836,0.0025649238838532542
1587.0539895898999,0.0028244237370119336
1591.782147126233,0.0025719757948822496
1599.583595184578,0.0025754438591111834
1606.9568523294488,0.0027043362718229655
1648.4287058428174,0.00286195111947008
1654.015603794407,0.0031541258297395516
1658.256498020954,0.003158146869250296
1663.564002475943,0.003012644064194705
1672.849849331536,0.0031660630285367825
1677.4066149368482,0.003170064131443167
1681.6435690140231,0.0031739959387615726
1684.9235374600562,0.003340748010715525
1688.1339118755552,0.0033447689028907822
1693.281127944348,0.003348905745205811
1696.833581412923,0.003353004226055719
1702.233716233037,0.0033570228999204835
1712.1081004421521,0.0033611416567887503
1716.446457091153,0.0033651814288110293
1718.846968515123,0.00354637672587196
1721.270059869624,0.003550582042507404
1724.850406839245,0.0035546709387592893
1728.799969771058,0.003558782516877341
1730.177427046344,0.003562914950219372
1732.733393132434,0.0035670441904496553
1737.3633744469696,0.0035711330383889485
1744.107068758315,0.00357525897326297
1750.899237784586,0.003579377831821392
1754.3182059862695,0.0037770522946358348
1757.036257607499,0.0037813127346397898
1761.308910341302,0.003785559754002915
1761.945878881512,0.003789788289411202
1763.2794498333649,0.0037939726259252765
1760.6838930613699,0.003798139552567806
1762.8766368178399,0.0038023230290223746
1771.966792949422,0.003806566396630094
1772.090144433893,0.0038107766818532202
1773.2427066750852,0.0038149700550198606
1777.668574837438,0.004031289261350991
1777.144882984982,0.004035643611952578
1772.2476846402178,0.004039905256453704
1772.603744394591,0.004044203642830346
1771.8236567507834,0.004048578940166063
1776.7024566225782,0.004284461098729802
42.87385930796042,0.0001212041079324569
164.225264558454,0.00012592218595182243
62.202410624923075,0.00015432548905600023
89.05345994105205,0.00016435718654285927
124.33441932896179,0.00017496814309518643
130.11826623643222,0.00018619962182144637
189.10373312632996,0.00019797484830624555
266.9651884256759,0.0002231050320275309
269.4793433214725,0.00023654838542960224
271.0281395453472,0.000262512285701433
316.9584445792389,0.0002779301315861935
368.95868618822783,0.0003109298699621199
471.0561622327663,0.00034401418150413937
474.1808294345049,0.0003629576337447392
488.37297652500763,0.00038250945970587683
498.4328815826992,0.0004220223643321995
522.5962908724166,0.0004440647455455985
558.1056504698523,0.0004670512526307124
596.3050767334257,0.0005146784645696362
628.5892449813578,0.0005410611107577666
662.7067169814088,0.0005687480879923496
618.6441831221033,0.0005977817280691228
645.4619057055669,0.0006282046995110618
691.1897534290813,0.0006616711536665801
711.1258630616092,0.0006951827120793094
729.5670154454433,0.0007303484880336122
744.9021913536751,0.0007318922742707086
757.0638434524451,0.0007688583669097289
768.029322576617,0.0008076764699831378
775.488930728482,0.000809270756738091
782.9126160565918,0.0008500864499142649
929.2426166450218,0.0008929345485648327
974.981756763414,0.0009886476404325926
986.0179653673337,0.0009903564266832662
995.2584910949286,0.0009920315995894703
1005.90527814828,0.0010418544457391674
1015.413989181931,0.0010435753820621637
1025.6657148139,0.0010959370384082585
1034.726150944444,0.001097706641648527
1044.053583346238,0.0010994380794723958
1053.747843278599,0.0011545750548727263
1097.2991891331571,0.0012197691368616454
1105.256140786799,0.0012808336592526478
1113.565690545548,0.0012827051137535256
1121.428578989534,0.0012845450153824872
1129.1357394297502,0.0013488137504815147
1136.536912606484,0.0013507279941814155
1143.589339561104,0.001352604729071519
1151.043480070854,0.0014202219791990343
1157.860127054496,0.0014221912529778682
1190.073917617363,0.0015012107398713374
1196.389245680547,0.0015031703407847137
1202.374987405479,0.0015782103369973246
1208.060434060626,0.001580232173128837
1213.909305392528,0.001582247548352436
1219.554360733649,0.001584241670052873
1224.750185576602,0.0016632783854182475
1230.084388395941,0.0016653568711318227
1266.327795961447,0.0018466962932185246
1270.895471372122,0.0018488687720400287
1275.651099779378,0.0018510244110046625
1280.276322529074,0.0018531594603298609
1284.658608377119,0.0018552761533959655
1289.309488303718,0.0019476454249983555
1293.795328632338,0.0019498604241667064
1297.941154809357,0.0019520492925057835
1302.019588840368,0.0019542232682095194
1306.691016130326,0.0019563899399022743
1310.811081232559,0.0020537280235117666
1314.709210238502,0.002055988562222991
1320.99213707744,0.0020582345294900186
1323.8149520430302,0.002060473011164938
1327.1556976964168,0.002062688734707981
1330.480381011319,0.0020648925463223424
1333.841161196225,0.002167566244790074
1334.551470946412,0.0021698776448990566
1337.906054112742,0.0021721672347547977
1340.7857494576579,0.002174440901517128
1343.336513495364,0.002176703972285776
1349.997423646045,0.002178957599673214
1353.765127232867,0.002181204340144562
1356.850382027565,0.002289578207241809
1360.212111948759,0.002291909671856065
1363.777000828037,0.0022942408374807973
1367.165853263878,0.0022965570521014033
1370.385499462769,0.0022988552003638772
1373.56669574598,0.0023011367729603846
1376.7175904481091,0.0023034179730287425
1380.010673865658,0.0024177828004059384
1383.107912659826,0.0024201506306032006
1386.094037952387,0.0024225058614267417
1389.120081008728,0.0024248628976469623
1392.4737111010807,0.002427214169078641
1395.3394027660709,0.002547694486071718
1398.1387176859466,0.002674219881382416
1401.0422692902732,0.00267684134300238
1402.40387712793,0.002679293503263715
1406.236304377232,0.0026817790946545576
1408.977284989573,0.0025597786662494145
1411.208130995167,0.00256215613860296
1413.9735557371039,0.0025645257758285774
1416.339384134017,0.0025668879908897625
1418.741909421554,0.0025692427433251577
1421.1691077529779,0.0025715967063695585
1423.6304825208872,0.0025739515347276065
1425.9933210357708,0.0025762950382477905
1428.359143868111,0.002578632972160499
1430.698106672639,0.002838124011664636
1433.2847811405054,0.002840778709261775
1434.530859102534,0.0028433445647489722
1436.275570115217,0.0028458761262803636
1438.5203981924426,0.00284839799962469
1440.421135777207,0.002850823999201388
1444.420976667593,0.0028533115998102365
1446.555857293898,0.002855785733009038
1448.6999399642748,0.0028582736929624406
1450.749422381311,0.0028607494614583517
1453.0507861223498,0.0028632168846277795
1455.346264183142,0.0028656729243524506
1457.683939821841,0.0028681687155074254
1459.846072881596,0.0028706267900045703
1462.002497965878,0.0028730618122107037
1464.1042880572268,0.003015361166047962
1466.103697604234,0.003017904392556557
1468.395569235463,0.0030204635811371255
1470.0732102166712,0.0030230485575239475
1470.0684072413778,0.0030255655650749972
1472.033969122514,0.003028068433910258
1473.8475609830316,0.0030305653204308345
1475.614910639621,0.0030330561585146256
1477.387824223996,0.0030355418433012146
1480.828004137358,0.0030404704986526625
1484.603252825347,0.0030429035576054536
1487.332274931422,0.0030453533285664343
1489.128784970304,0.003047838514387128
1490.7850059465866,0.003050315104707635
1492.0547467261279,0.0030527806078550924
1493.696812229786,0.003055240212340208
1495.002091340126,0.003057691444408405
1496.5366822689982,0.0032089765053194574
1498.149183671366,0.003211538255932755
1499.2528110941641,0.003064944355612241
1502.250949327317,0.003216552531982672
1504.040192681112,0.0032190790521914358
1505.708096363921,0.0032215983839964505
1507.386695695751,0.0032241148617525935
1509.0198071964264,0.0032266227084211617
1510.672332272911,0.003229173744785551
1511.563037145516,0.003231677822498616
1512.6202054234561,0.003234171164545883
1513.683906385845,0.003236679332439152
1515.851200823942,0.0032391459433223943
1517.497512606388,0.0032416050435616173
1519.1103744499912,0.0032440564617256568
1520.713283555629,0.003246502299074301
1522.2979771014914,0.0032489403197786338
1523.988554711652,0.003251366537350477
1526.643537795508,0.003253782840171774
66.59278350058693,0.00011749621581968463
95.7061702796248,0.00012507731430310646
143.98338721242808,0.00013907490338183393
150.37527742394042,0.00014905209234817674
210.33245085419207,0.00015953121565652232
232.5701205310682,0.00017049486240755296
242.1917634951059,0.0001820159081365485
248.9152631643161,0.00019409545734758464
258.5845264466612,0.00020672406658339232
285.3011958667017,0.00023029149254553648
307.27071753017236,0.00024482589263192535
311.6102978858129,0.00026013183450144666
362.69035315784566,0.000293003970856488
370.3913456428928,0.00031050235281739915
390.2684991556075,0.0003287835396249786
410.4138462823967,0.0003479207372701081
437.9281623166964,0.0003680261729156549
464.281648068396,0.00038911096947666753
484.8406380455942,0.0004112438545196281
501.9318607366205,0.00043449130340825383
528.8806274241908,0.0004588891064834984
602.2501871396499,0.0005430452906507102
615.1924051997506,0.0005725652777579859
632.6329769309334,0.0006034795055765908
648.7199609265938,0.0006358724836814675
665.3638756442954,0.0006390528026127862
684.7928701906391,0.0006731308010200803
695.1525969184479,0.000708912212100223
708.2708396839239,0.0007121056376121763
716.8404285100243,0.0007496210574137639
751.3136354855029,0.0008780810360595065
754.8082883972455,0.0009227270402881296
757.3052097727021,0.0009246851043368499
759.5991411390631,0.0009713303411553033
887.9225120294118,0.0009731098971870825
892.1911532731302,0.0010220314137201554
898.3533261868083,0.001023830652064148
903.9881101630673,0.0010753045570216554
909.0357880681028,0.0010772250937519138
935.9529866337697,0.001139615920405068
942.4791523026978,0.0011969713720211958
950.1374832643297,0.0011990760369289689
957.5243922278886,0.0012011345620578236
966.7442094962398,0.0012615447088608486
975.3214405274564,0.001263698423349406
985.1345913617813,0.0012658211571622666
994.0457845068463,0.0013294723023351605
1056.999316937308,0.0014785900729402059
1065.1720982156971,0.001480982547758116
1074.325685288245,0.0014833616289009748
1081.712907402477,0.001557861547753199
1089.166311645004,0.0015603440579857683
1097.827335935523,0.0015628219260064745
1105.3899783146248,0.001565298267618225
1112.462376097671,0.001643888180433286
1121.37570174942,0.00164647301258157
1127.992257562228,0.0016490337927647439
1134.685621435285,0.0016515793327993252
1144.750992402193,0.0017344769340977555
1151.164574971755,0.0017371667539230835
1157.3650152596229,0.0017398222065233098
1169.566161611572,0.001742463118563182
1176.8122819876,0.0018298715498437958
1180.843563365275,0.0018326361521037026
1186.176725197799,0.0018354039894035669
1183.7542052044791,0.0018381651930422366
1188.398539935509,0.001930333079328673
1212.515178565878,0.0019331992768121238
1208.009306993838,0.0019360576749860728
1214.805845908687,0.0019389039141505659
1221.70271179263,0.0019417412821343442
1234.517970561619,0.0020390821126488436
1245.165165577339,0.0020420786708388065
1253.957454646812,0.0020450418649950565
1263.7965640375548,0.0021475497856576565
1272.834161536343,0.0021506463215771945
1280.599467175881,0.0021537327587112754
1287.832475903877,0.0021568109401953707
1297.2312580096511,0.002264877435205423
1305.964717857664,0.0022681205441421864
1315.0393653775661,0.0022713511733287537
1323.765257489335,0.0022745629866093207
1332.920327778694,0.0023884871604230593
1341.347367261239,0.002391870428186288
1351.338707268977,0.0023952484103466898
1361.029936882895,0.0023986030079976334
1369.322502139923,0.002518729576773164
1378.787414882147,0.002522264525220763
1388.333662741175,0.002525792195786808
1397.9291217160946,0.002652284105876371
1407.587496353695,0.0026559843694659124
1417.132408235153,0.0026596719720685673
1427.3130975135239,0.0027928425205221382
1437.005065580709,0.0027967055395835753
1449.037520578739,0.002800534353162355
1458.928792789321,0.002940732231638064
1470.921728378874,0.002944770164442718
1480.335227930282,0.0030921778017445035
1494.300206573557,0.003096404026088135
1507.48064114837,0.0032514308379012185
1522.055531871241,0.0032558561646660214
1537.677143140924,0.003418884429222784
1563.840272978762,0.0035900540370897975
114.50710895247721,0.000139491355845154
91.921995922552,0.00017167049371500599
132.4084972633959,0.00019192591900006535
182.5580203489642,0.00020485155961907198
189.6808492796802,0.000218568474743783
203.5205489447081,0.00024368584875742095
311.4760184924187,0.00025935584250785776
337.23347443830687,0.0002757386318884554
365.04351830249635,0.00030660556565952426
391.1815892094135,0.00032537028397506065
520.7705113148925,0.0004491776792129294
559.2995777243185,0.0004976843258273728
598.4568990051539,0.0005259585281752138
636.2424778749904,0.0005556340166727973
675.3691884062023,0.000615053621201367
704.3694941452411,0.0006493909782770514
738.9777201162879,0.0006854872026627894
764.6172473035872,0.0007233490968056248
783.4348787996566,0.0007629503609452955
1005.14581739615,0.0009919051587666454
1030.445208710779,0.0010445485907120023
1055.438030961217,0.0010996934406869512
1079.8467369026598,0.0011574517319797256
1099.709889719177,0.0012178421830936934
1119.624226423524,0.0012809155566100019
1139.312479991551,0.0013468005271479841
1157.042227887093,0.0014156022191210219
1173.292269904391,0.0014875024643786843
1243.431089205088,0.0017303929131760355
1256.339684496387,0.0017334453758882477
1269.390408662052,0.0018209113248624962
1281.2111621120841,0.0018241845064834706
1292.957325623257,0.0019162653405351315
1305.0848313577999,0.0019197234522322323
1315.888684793637,0.0019231248312357356
1327.138729491442,0.0020201471159404785
1381.39836879829,0.0022477687896106965
1407.326232312182,0.002360927054179521
1404.8861359109521,0.0023648370391363173
1412.7344537621539,0.0023687193926824955
1418.675760132768,0.0024879408731565906
1430.3257107665188,0.0024920156428338476
1438.045994397737,0.002496069408236006
1446.064747781139,0.0026216763495316665
1453.221918510084,0.0026258965178797733
1460.57710484347,0.002630099239569795
1467.1962633904818,0.002762402179834405
1475.1229793634714,0.0027668173769726592
1481.326914490676,0.002771205446980534
1488.94494108762,0.0029105389256537644
1494.738913220274,0.002915118271219543
1501.2393954662866,0.0029196657021891537
1507.4727772527426,0.0030664160586277318
1513.5647291946052,0.0030711562215022317
1518.596265157238,0.003075899090094879
1525.2182531683484,0.003080612506132086
1530.6042870915771,0.0032353632408428866
1534.4844031539692,0.0032402623583666582
1537.880326710726,0.003245140588149896
1544.3829305986112,0.003249989715270568
1549.651194023287,0.003254858558399558
1554.802969695725,0.003758994730186363
1558.581033959237,0.003423413666566039
1563.821549407911,0.0034284388601875603
1566.6199826164902,0.003433430578033851
1569.303919113019,0.0034384362094631586
1572.386495221909,0.003443464816442767
1575.549174517716,0.0037921801483724532
1574.4071034344781,0.0036215737679479603
1585.036820845477,0.003626812739253067
1590.5301861619214,0.003808738023698833
1588.7637477789472,0.0036372367535660328
1588.8124786336261,0.003642415820190832
1589.201342790044,0.004210177598309118
1581.224553982453,0.004216240009310549
1580.728855197236,0.0040227090165954405
1592.1188593669171,0.0042283436002312205
1583.3638681136292,0.004234273986797056
42.353995863587976,0.00014893413385674845
85.1516995867772,0.00015958230070355628
124.9671974084308,0.0001784430323113022
171.89548083296108,0.00019061864739107565
181.5988007858405,0.0002126945760996306
306.886268351737,0.00025237399673900434
348.7457462814659,0.0002807890514102308
381.3028245941859,0.00031220615106431474
415.60816952956395,0.00034670224733217064
448.706306243025,0.0003847393188523342
505.3424842092373,0.0004070892988990636
537.4558506141193,0.0004509296995804902
588.3799531822551,0.0004990847908032091
651.0612756716589,0.0005519897213350427
700.9602881060057,0.0006102708455946461
749.0717698824576,0.0006435146682507208
796.8983057506223,0.0007112017725211507
830.9777472030922,0.0007497307311970272
983.8723000787604,0.0008284387510154158
1056.312825764341,0.0009200499250541122
1096.640308454721,0.0009693690448038932
1137.1762338995688,0.0010704324817408144
1180.281521281736,0.0011272445959166013
1219.939776950589,0.0011869742931537852
1259.172746142573,0.0012497317916523112
1297.664570752191,0.0013156658443115989
1335.2901073809571,0.0013849614598089057
1372.183907467047,0.0014577706877858317
1518.421326515809,0.0017883039613320038
1555.966104102713,0.0018818248174409407
49.33743467072706,0.00012160777827052771
70.62614952650767,0.0001309345894164556
112.8909107809683,0.0001404876633899513
109.3398805716842,0.00015040940777210339
148.72443430543868,0.0001606258238960009
191.88459890080293,0.00017123661858876513
192.4504162379054,0.00018230435396315026
274.39768901325857,0.0002546529188659276
318.4473410836762,0.00026998918299316196
337.6791595328596,0.0002860151613091091
357.7631560294481,0.0003026979367013106
440.7845246900397,0.00039201988522259533
437.5110008704042,0.0004136213052229846
438.7036165008294,0.0004361751122949896
566.5736096897848,0.0005078010995079707
591.8913466515437,0.0005351078400234042
650.4905825397034,0.0005940230621253258
674.2273174317473,0.0006257678911479401
702.6999084420813,0.0006591390340293541
724.3278097503497,0.0006622431720784066
744.1768755090358,0.0006973830171078198
760.8882481700454,0.0007343388592186116
773.1657099856627,0.0007731318536436332
784.9412058121447,0.0008137447772677677
793.9850431425148,0.0008168959584490867
981.9504471077628,0.0009550249887373013
995.2339947422867,0.0009582862647276593
1010.752252805137,0.0010080775967738513
1026.849553336679,0.0010603730592728183
1040.916826180342,0.001063774054262358
1056.377103067879,0.0011188452556838994
1069.727089003152,0.0011222914449576485
1084.344096503947,0.0011802893018123752
1098.930407604789,0.0011838034828903126
1164.4526005424718,0.0013841945550821886
1175.414165410139,0.0013880073699397985
1186.47096677792,0.0013917532360629068
1198.358547613711,0.001463223866336263
1208.885686067238,0.0014670730580160262
1220.1412065313311,0.001470892180373549
1230.033700226651,0.001546247885172341
1240.806853335164,0.00155015497804319
1250.365707630779,0.0016294672389171314
1296.748515540357,0.0017292129243856164
1304.7390600911979,0.0018174048456184489
1314.560391008219,0.0018215810570817149
1322.052942097948,0.0018257161530592474
1335.346622123729,0.0019187162331357251
1339.906456822397,0.0019230080379907095
1346.3724844580802,0.0019272435026485566
1352.7729656512108,0.001931440044188981
1394.493070206149,0.002155075278378524
1399.865907948219,0.0022643692734689407
1406.205227845531,0.0022688983796668215
1415.152238504997,0.0022733743554465306
1421.295856222056,0.002277825646566433
1426.455501501724,0.002393213929007985
1433.476841535306,0.002397836114955779
1439.1370513341226,0.0024024016510971217
1444.628801882739,0.0025239859202476336
1451.053332377637,0.0025287319619649536
1456.006673468844,0.0025334458383500648
1461.30427985009,0.002538139686479976
1467.2875089994006,0.0026664292210032835
1472.724010008475,0.0026712911079819395
1478.092389190336,0.0026761092527981924
1482.459606552383,0.0026808789260369696
1487.846559130135,0.0028162229253080786
1492.474089722911,0.002821177098141442
1496.839349644187,0.0028260848958045317
1500.812226266737,0.0028309530240249172
1505.808464929244,0.0028357761887917612
1510.0917250893274,0.0029787200973331197
1514.710923605488,0.0029837061500090512
1518.5564880396328,0.0029886953640053332
1522.739731721336,0.002993635115711018
1527.476595353628,0.002998541153937525
1531.3371267527402,0.0030033982957794903
1536.136448244509,0.0031545256259129404
1539.1381102742541,0.003159554623931149
1542.179028445035,0.0031645606509197455
1545.166789798915,0.0031694953912120264
1549.603692456496,0.0031743822182867493
1552.5411508820264,0.0031792322743355735
1555.9853186249509,0.0031840706452575386
1559.202474506543,0.003188889133532728
1562.9968758570787,0.003193693039515641
1565.889117729993,0.003198478295030646
1570.522827117186,0.0036938455066584976
1572.582972552955,0.0036993480634091745
1574.933945103441,0.0037047852205249585
1577.1775715267981,0.0033739120931512456
1585.2904832771328,0.0033788034113117287
1588.0166112183442,0.003383681240746994
1590.684218472744,0.0033885504535242856
1592.978379483834,0.003393403184443624
1595.2073517965198,0.0035635502719322193
1596.913211216926,0.003568553767841838
1599.2767060275619,0.0034077463187423287
1601.086654663869,0.0034124359954239803
1603.37600711582,0.0035832907594927255
1605.030162501205,0.003588089169221116
1606.653248178212,0.003954513058451944
1606.833298094266,0.00395956998092414
1608.152715265977,0.003964522666619497
1610.000743327006,0.003969304952247848
1611.896915194301,0.0039739379740452606
1615.40028056937,0.003978405993242272
1622.946553819761,0.003982817822673991
1628.7659400330579,0.003987030335447919
1628.651175813372,0.0039910986745306624
1630.1879554316156,0.0039950402014956934
1631.1513445987393,0.003998852600519957
1631.667293236957,0.0040025527371500705
1632.88722494699,0.004211468978646825
1631.2057045997021,0.004215141787637704
1634.415162449365,0.004218711905877521
1633.312545111392,0.004222185826377109
1638.523381599884,0.004225603128745487
1639.515772317418,0.004228975918282474
1640.284791400698,0.004232304002924349
1641.08489768364,0.004235605705122154
1641.4463403152881,0.004238884580147704
1641.7153762989028,0.004242128570798953
1641.7282254773818,0.004245378167923185
1642.0702789727054,0.004248623519194779
1642.225979722132,0.0042518652703249175
1642.132733046439,0.004255097436146426
1639.921315998442,0.004258331639071261
1635.844601510871,0.004261605020025342
1637.5847222046634,0.004264895961338051
1640.7941327441627,0.004268206615469149
1640.675638370129,0.0042715268768365065
1645.0186261029019,0.0042748531250921835
1648.380028220512,0.004278205630487245
1651.2510773456281,0.00428156472451043
1651.703718234366,0.0042849392585943965
1651.979122306045,0.00428832060324018
1652.4312485334494,0.004291709310279832
1652.812596604283,0.004295104583472604
1652.9642248628104,0.004298510287723874
1658.320321296663,0.00430537880386503
1663.770215893085,0.004535511752580945
1665.066458804642,0.00431220217200817
1660.328365802323,0.004315585782849521
1662.6421464366254,0.004549752602264097
1666.3464044744046,0.004553314737918955
1666.907968280492,0.004556868875731235
1663.9868505009022,0.004560416716154717
1665.177281567128,0.0045639623726616745
54.16100218721678,0.00012732988725241387
59.46471654364881,0.0001369879842012377
71.74561540127837,0.0001572124551481716
90.34058401019692,0.00017579559051812124
142.29830615791042,0.00018773334922619133
189.65461443906312,0.00021353981828037293
272.2875383110179,0.0002530942966974721
328.6929922312513,0.0002815979654576216
347.5813045820633,0.00029888457188482635
378.2530594144553,0.00033196755711137023
430.5514772907741,0.00037238668157465993
477.5790317020088,0.0004128310022540309
512.059823519822,0.000436569223836063
548.4554143045799,0.0004835101783178811
586.6071526590667,0.0005107929985341474
615.209186006791,0.0005393018613754466
652.0625114196139,0.0005965813682014944
682.9170353454152,0.0006293193283999701
717.3573100955336,0.0006635613678643076
799.1193392162164,0.0008175684187991341
934.6708161864412,0.0009023459735838796
949.6758251863098,0.0009496748564267783
970.0432830986464,0.0009530273481899137
988.823769551488,0.001002314724200331
1007.689492210517,0.0010537610044731986
1027.520074056253,0.0011074763333390792
1044.633297118953,0.0011636223268163468
1061.0946947600191,0.0012223353285014508
1132.906164124131,0.0014203909394419592
1145.823510919202,0.0014917139319408287
1158.3177198985302,0.0014941014107132382
1170.735792380987,0.0015691471217948692
1182.398407327774,0.0015716478433366217
1193.540207388846,0.0015741107943937798
1204.597506689563,0.001653134111421849
1215.277615619885,0.0016556697167708929
1225.666486933809,0.0017387216111973078
1272.7503060872698,0.0018367345903599224
1282.1909550162159,0.0019287729851974638
1290.131006369565,0.0019315803279326396
1298.5778648397231,0.0019343572057732511
1307.0133057044761,0.002031275512744665
1314.975440543702,0.0020341922038257135
1323.6682635803681,0.002037085767545974
1331.205896504387,0.002139107576217976
1376.826918352263,0.0023751745972755154
1383.435836898065,0.0023784349420153655
1389.2467915770471,0.002381674908939862
1397.1492441161374,0.0023849150318109207
1404.2139412063987,0.0025042592921791338
1410.325326522536,0.00250763865649313
1416.593941955329,0.002510993423516792
1422.479260057075,0.002636601900275564
1428.4692637498458,0.0026401150364496816
1434.359231006003,0.002643601649875501
1440.170206593402,0.002647071688886275
1445.761768379954,0.002779424135695343
1451.294888234104,0.00278305827834076
1456.5590591625562,0.0027866798977374055
1461.98710644366,0.0027902852692862717
1467.216906500415,0.00279386720713517
1471.610569833591,0.0029335074097967995
1476.651732434255,0.0029372654630696713
1481.2717027298072,0.002941010620416601
1484.563771512793,0.0029447359517302857
1488.409125595585,0.002948448969782108
1492.490636700046,0.002952187960428202
1498.114231793848,0.002955902082331552
1502.797570348039,0.0031035556315824465
1506.859710399639,0.003107510094265456
1512.56306318674,0.0034215328358286807
1514.8562362824468,0.0034258123019402153
1518.039285499159,0.0031191867507966756
1524.309593884523,0.0031230384846808942
1527.2463734700614,0.0031268931598553385
1530.362432472351,0.003130733795623215
1533.924102142021,0.00313458458787646
1537.5639142695559,0.0031384379130262254
1541.2710095614013,0.003295149979372837
1544.297954827993,0.003628073785840745
1550.9127067794516,0.0036369728991199612
1553.862338771425,0.0033112958187989034
1560.3810306581092,0.0033152911426606274
1563.347693555075,0.0034807367004829138
1566.033550692601,0.0036544813471261674
1567.668900117391,0.0034890985708979946
1570.5744854290353,0.003493229277217827
1572.5095684327493,0.0034973917419340275
1576.0028422720334,0.0035015657267983575
1578.353450530523,0.0038551896167120948
1578.889086154591,0.003859755553749597
1581.4871260987961,0.003864311939970172
1585.5014878459979,0.0035181842177677016
1596.175804962792,0.0036936646655519882
1597.4224105452688,0.003877927659795722
1598.970449237293,0.0038824798711650033
1600.3297143410462,0.0038870205959195777
1601.8846682064661,0.0038915389922920323
1602.532979747941,0.0038959645734728465
1603.3518512943854,0.003900413031362099
1603.746722565826,0.003904904443565386
1605.567188664414,0.004103428987771777
1605.368639315092,0.00410817064612694
1607.8060136890194,0.004112898309080658
1609.345135405836,0.004117606828031281
1618.162437697839,0.004122407552533209
1624.768774947822,0.004127147153622292
1621.995760719767,0.004131874099869761
1623.9344242935879,0.004348573600225487
1623.306980077956,0.004353527442980181
1621.553645131748,0.0043584025361302105
1624.401525090148,0.004363304156298038
1624.168851328475,0.004368210754205274
1615.4804255221618,0.0043731584340142215
1615.027928706254,0.004378109935362568
1614.4080999781759,0.004383062182985313
1613.3810347532349,0.004387988770158202
1621.6001568437382,0.004392963714055373
1624.109668210732,0.004397938005188209
1619.2832744239222,0.004402900363451595
1749.252013134461,0.004675844904101954
1675.499802810424,0.004681046444157554
1690.1928513087091,0.004955534454138568
166.29485853491659,0.00011401119471226384
166.2873765116148,0.0001193374980966133
166.21855739738368,0.00012866736001232367
208.5773475463197,0.00013800382395238366
200.1310312877086,0.00014763780793267245
216.1769443636515,0.0001575956040044835
221.95945391184898,0.00016818304810637844
234.81762244728333,0.0001793271054626274
247.23592313233468,0.0001910600248093584
266.9904110190813,0.00020340587623714313
280.37683623180754,0.00021639165279322052
290.5080224318153,0.00024070252742500864
313.34987612397066,0.0002555626866367691
331.40658621010573,0.00027111835223125956
340.27869194932583,0.00030082086722891377
377.5788463480565,0.00031839417988268823
405.03136953945534,0.0003368405730011332
432.240233938283,0.0003730628729854079
470.7497480087263,0.00039412892630062924
491.7858770600737,0.0004161697312579719
510.8762257682245,0.0004599951857258238
548.6368073104883,0.00048496340141458434
582.6288882967266,0.0005110213350651193
642.3695140968159,0.0005940072765971732
669.360843337108,0.0006252283002412307
693.894753798477,0.0006579353869255749
716.1898158808012,0.0006921836318302719
739.2024120661424,0.0007280818792464132
754.7797594645691,0.0007656871154153653
769.4912113395966,0.0007679412383608235
780.1052775646616,0.0008072403688322138
788.0136777364803,0.0008483333631519308
955.838866785737,0.0009844023523430637
990.8935566249156,0.0010333374807501437
1005.7240967397072,0.0010845930085176087
996.9990465642708,0.001085671437613091
1030.986408643291,0.0011393933374671686
1021.026690025618,0.0011404221207797789
1035.452733831984,0.0011968140052497464
1046.231966424606,0.0011978982621858676
1055.430089077293,0.0012571324847204847
1101.095217887832,0.001388078420726935
1109.61793105065,0.0013892439544576152
1117.451034023078,0.001390368615881576
1125.37940834325,0.0014590282786466277
1133.271342547521,0.0014602127149542547
1140.896764060999,0.001461369040725462
1148.069877575908,0.0015335274435891693
1155.24069054486,0.0015347295083861074
1162.218792461377,0.0015359123515012471
1194.996505935269,0.0016950579848378766
1200.839760542877,0.0016962840677939095
1206.675676061759,0.0016974950746676497
1212.697405782646,0.0017812273490157662
1218.5100205336419,0.0017825035721049725
1224.177048621259,0.001783769440666318
1229.606702023777,0.0017850143431529816
1234.71469783783,0.0018730329339380941
1268.586036033445,0.0019733790064144167
1273.03782406069,0.0019746731894838003
1277.298457637268,0.002071986069318755
1281.675277719007,0.0020733350214435786
1285.817109394182,0.0020746711305036965
1289.808822910276,0.002075990811355732
1293.920713207742,0.0020773006295367043
1297.980012030349,0.0020786022760156666
1301.778819701522,0.002181011167983829
1305.48575034333,0.0021823757111824535
1309.3426406257179,0.002183722673664287
1313.216044636382,0.0021850656373012837
1316.919544223937,0.002292686299411563
1320.559391797489,0.0022940934060764395
1324.157131136228,0.0022954939769854956
1327.616052670784,0.002296889077191066
1331.185939419705,0.002410018985954596
1334.441132648831,0.0024114730221910944
1337.8252492357449,0.002412904714705229
1341.024483908152,0.002531700821572763
1347.582483378276,0.0025347405756258857
1351.076910731937,0.002536293833018773
1354.974090842895,0.002537737287003373
1355.6248024154902,0.0025391602816117903
1359.4197043878999,0.002540587720674159
1362.62645264896,0.002542038886405119
1365.475064982734,0.0026671705511550742
1368.329175552019,0.0026686982606378713
1371.139248086522,0.0026702105673388856
1373.607684970214,0.002671758125591487
1376.178369034364,0.0026732968053879984
1376.315522397023,0.0026747701703734614
1378.816137705274,0.002676243344493193
1381.355465452741,0.002677679797574935
1385.585353249232,0.0026791553499440914
1388.0861072177634,0.002680628734275426
1390.029030087923,0.0026820645530471247
1392.7683710336262,0.002814053676020736
1395.2610847041421,0.0028155771993636693
1398.205324648166,0.002817085806942835
1400.393447997726,0.002818582420149738
1402.756552516113,0.0028201091502737534
1404.2630244920388,0.0028216216561348416
1404.704249001406,0.002823100079679567
1406.699881695122,0.00282457245914699
1408.114457349694,0.0028260438255983283
1410.188940937043,0.002827524633918862
1413.163078617687,0.002828984131336696
1417.510037574971,0.002830460328084094
1420.132850314012,0.0028319282538177407
1421.356521408848,0.0028333995245013992
1422.8290244016448,0.0029727479584560246
1424.1610842507016,0.0029743115156184237
1425.662801212067,0.002975865386381593
1427.843440898272,0.0029774104336102
1430.17835974408,0.0029788832346785703
1433.257038860552,0.0029803818022383684
1435.414977182377,0.0029819113586211565
1437.055029582839,0.0029834344806544465
1438.4752913191462,0.002984941223976854
1439.5665520319876,0.002986448490734484
1440.9267645509092,0.0029879694134760833
1442.5896239915241,0.002989460190710141
1444.413086257547,0.0029909433370485833
1446.1923722198942,0.002992425790393939
1448.148472467511,0.0029939017397269093
1450.205582742003,0.002995365307150413
1454.3090319312562,0.0029968648853868855
1456.151836537591,0.002998343931041968
1457.078547267092,0.0029998136218015257
1458.330494414568,0.0030012827836295606
1459.4804739055621,0.00314880684924122
1460.946695545927,0.0031503693969805522
1462.5393016386374,0.003151917677936276
1464.040371668888,0.003153467454930335
1466.336117387525,0.003155008041472658
1466.3407887454682,0.0031565213312075963
1468.4176422898315,0.0031580203100759767
1471.031246136265,0.003159518062758519
1473.1065942368482,0.0031610365241964027
1473.754997663556,0.003162533993835493
1474.68867915319,0.003164040793544724
1475.9396150674302,0.0031655359478755182
1477.5330681567748,0.003167026944265671
1478.71058372995,0.003168517267252144
1480.167166770872,0.003170001137115482
1481.617268412929,0.003171485557424428
1483.822742273401,0.003172995983807008
1486.912608348432,0.003174467971648034
1487.490139922186,0.00317593853549485
1489.411371077415,0.0031773983238431573
1491.669469204154,0.0031788649571928835
1492.8948664763172,0.00318033006570622
1494.198219614298,0.003181794423566112
1495.4465257542981,0.003183258912322947
1496.286466624184,0.0031847234619824926
1497.727689717419,0.00318619908838452
1499.10954394732,0.003187667303380902
1501.4701802243592,0.003345770554252648
80.15821375325834,0.00011081765383026604
46.18629616406654,0.00011872863001153626
73.27072097589789,0.0001232822267408798
91.75745355890587,0.0001326929750146175
114.84524331530642,0.00014875132693601464
158.13789760046967,0.00015933114336571586
194.1337044832271,0.00018211024303108132
245.7424535048827,0.0002033283692450643
265.9032755199019,0.00021669540700594586
275.60239185352384,0.00023080304962001002
300.3053832674377,0.00025698062812513244
324.66691266118215,0.00027311352833621577
353.3694009585989,0.00030363052383822035
379.07165443534274,0.00032205836054239006
409.6089924886858,0.0003575344208769311
551.330245624573,0.0004696489328299205
582.0196750969692,0.0005200834036067076
617.8563992509563,0.0005492768883401204
657.2471497547533,0.0005800206007313538
689.1094662434894,0.0006416304225764692
723.0342704993469,0.0006769461752679874
755.5315924742247,0.0007140727991273106
776.9768756261334,0.000753151471903612
792.676513537216,0.0007943016009022485
1008.863071342273,0.0010313334871238768
1033.4123260576312,0.0010850447401701188
1054.598742492593,0.0011411707969652303
1075.9108171217,0.001199915353435266
1096.077642203558,0.0012614827450310822
1114.827399792657,0.0013260759127539164
1132.78792156022,0.0013294074942343443
1150.035843134526,0.0013973910877888268
1166.734199156884,0.001468828983163927
1241.2060052108259,0.0016349233574927057
1255.517355923044,0.0016388322903096067
1268.280779664253,0.001722480471777226
1281.566832653969,0.0017264921827082075
1293.9033173051641,0.0018145188110732958
1307.024327291509,0.0018187054314827515
1322.066228279301,0.0019113779141989205
1331.167632695661,0.001915687705049555
1410.7935095552468,0.002242554932621072
1416.349865615544,0.002247258986363315
1414.5389773395968,0.00236139420378481
1425.746252333797,0.002366287442653884
1435.2602351890719,0.0023711181188914125
1442.045897865251,0.002491438779550506
1452.778882509467,0.002496475064817197
1460.3885199828092,0.0025014724810410683
1468.4498942271466,0.002628327174101872
1476.868741986452,0.0026335280598110133
1484.027847905837,0.0027669927169814298
1492.3287515609686,0.002772384837145557
1499.1970026432846,0.002777740207256495
1505.6651869689526,0.0029184162215432348
1512.719526604204,0.002924008068158185
1519.6459796593592,0.002929552756495069
1526.040175704517,0.0030778244489971423
1532.7097248752539,0.0030835762019683285
1538.30012387021,0.003089298980510079
1544.5558113885406,0.0032455268705621006
1550.0184390118438,0.00325149089394943
1556.1651305825062,0.0032573830144620635
1561.3409636341062,0.003421974160601577
1564.2243754028311,0.0034281050769208346
1568.299780499631,0.0034341598459579105
1573.007537644898,0.003440234688460731
1578.5155396747614,0.0036139771936649517
1577.666875326488,0.003620376487015708
1587.2194077926627,0.00362661450763851
1585.50253269894,0.003632824697514966
1587.831038986597,0.0036390441166536907
1587.829858685765,0.003645278402999195
1588.5989069663558,0.0038292401077658143
1595.2666673311041,0.003835687429819759
1590.840372185603,0.0038421143543844235
1579.036718805475,0.0038484673864741157
1572.053665846521,0.004042352014721202
