time,x [Mshock**0.5 * Rshock**-1.5 * p *rho**-2.5]
0.25,0.0016130317169780165
0.251,0.0015921246465685915
0.252,0.0015519121273355756
0.253,0.0015836387690694976
0.254,0.001587942473011829
0.255,0.0016461235526355126
0.256,0.0016537243193792065
0.257,0.0015565895341582508
0.258,0.0013970949383194607
0.259,0.001140959749958571
0.26,0.0009123308871820259
0.261,0.0006708940928966581
0.262,0.000547298661499971
0.263,0.00036551036944617503
0.264,3.239103225296157e-05
0.265,1.2810710445119671e-05
0.266,9.525867323019912e-06
0.267,8.544802853016988e-06
0.268,8.42497228366467e-06
0.269,8.539046225759918e-06
0.27,8.395633386807783e-06
0.271,8.198742199728573e-06
0.272,7.7169775339239e-06
0.273,7.2566997732409015e-06
0.274,7.0680127296691575e-06
0.275,6.86635671442273e-06
0.276,6.6836230694723305e-06
0.277,6.484517850031599e-06
0.278,6.300323834107404e-06
0.279,6.1056393240293255e-06
0.28,5.9165338665900184e-06
0.281,5.745655052164858e-06
0.282,5.567005037398868e-06
0.283,5.586354026771368e-06
0.284,5.409548581760044e-06
0.285,5.236560517359311e-06
0.286,5.06960480924823e-06
0.287,5.0820422134415154e-06
0.288,4.919683025639328e-06
0.289,4.9312291194613735e-06
0.29,4.7750566934980365e-06
0.291,4.619020781981455e-06
0.292,4.629340482562865e-06
0.293,4.478231982549202e-06
0.294,4.485912873155202e-06
0.295,4.3390048379047396e-06
0.296,4.346807267440152e-06
0.297,4.205166858238162e-06
0.298,4.211241605495211e-06
0.299,4.217748446752395e-06
0.3,4.079475633791828e-06
0.301,4.085289795275902e-06
0.302,3.9513596042566565e-06
0.303,3.957360193801355e-06
0.304,3.961671279685351e-06
0.305,3.831259266893873e-06
0.306,3.836856611476434e-06
0.307,3.843321424904771e-06
0.308,3.848690156333273e-06
0.309,3.7206359550973115e-06
0.31,3.7257039176004133e-06
0.311,3.6022674090636893e-06
0.312,3.606837666886522e-06
0.313,3.6129095153533233e-06
0.314,3.6180685309160874e-06
0.315,3.6221041946593205e-06
0.316,3.5028654681461264e-06
0.317,3.507349303133179e-06
0.318,3.5134598069664794e-06
0.319,3.5182827758788743e-06
0.32,3.4017738977590396e-06
0.321,3.406460273816292e-06
0.322,3.4096760414936033e-06
0.323,3.415028094303791e-06
0.324,3.419990460303299e-06
0.325,3.307942918101261e-06
0.326,3.312012501647444e-06
0.327,3.3171953255540486e-06
0.328,3.320131679351538e-06
0.329,3.3260675382034937e-06
0.33,3.3303988666870947e-06
0.331,3.3349515447849427e-06
0.332,3.339899443405523e-06
0.333,3.344897583055188e-06
0.334,3.3488399887616197e-06
0.335,3.4741208981204423e-06
0.336,3.359395913923187e-06
0.337,3.364580603440292e-06
0.338,3.253550239365797e-06
0.339,3.259021363215745e-06
0.34,3.3820856245930566e-06
0.341,3.509131731173857e-06
0.342,3.5151697616445672e-06
0.343,3.3989605788633806e-06
0.344,3.4041783364005247e-06
0.345,3.40981837288211e-06
0.346,3.4147746183763295e-06
0.347,3.3025660559285283e-06
0.348,3.307739824143399e-06
0.349,3.313557211451472e-06
0.35,3.319238602197913e-06
0.351,3.3246977246274336e-06
0.352,3.3312964359663363e-06
0.353,3.3361169313180094e-06
0.354,3.3418128071258715e-06
0.355,3.347612730361242e-06
0.356,3.353207429780434e-06
0.357,3.359521607728135e-06
0.358,3.3654727603694504e-06
0.359,3.371526215393196e-06
0.36,3.3777194229746438e-06
0.361,3.383630177713625e-06
0.362,3.38967801122078e-06
0.363,3.517390246005875e-06
0.364,3.5234842737441454e-06
0.365,3.5288963241101494e-06
0.366,3.4121382548471625e-06
0.367,3.4168407607779897e-06
0.368,3.4227813556778427e-06
0.369,3.4298718582798412e-06
0.37,3.4352025049124988e-06
0.371,3.4412374680769853e-06
0.372,3.5693350677393807e-06
0.373,3.5751819049805182e-06
0.374,3.5814952397840375e-06
0.375,3.4613402111929207e-06
0.376,3.5927408773545043e-06
0.377,3.4717256207611043e-06
0.378,3.4757355020227397e-06
0.379,3.4807876048217034e-06
0.38,3.4846179330922383e-06
0.381,3.6146218960069367e-06
0.382,3.7496678567749968e-06
0.383,3.7556393337358984e-06
0.384,3.759821388023928e-06
0.385,3.7648085656415254e-06
0.386,3.7677969712053833e-06
0.387,3.772434859328051e-06
0.388,3.778784013210921e-06
0.389,3.7843300671258935e-06
0.39,3.7886966599351507e-06
0.391,3.7942728992296496e-06
0.392,3.667528849630751e-06
0.393,3.671365550851492e-06
0.394,3.6760043584208843e-06
0.395,3.6788023672988223e-06
0.396,3.683269909705187e-06
0.397,3.6876485853353323e-06
0.398,3.6903699864741255e-06
0.399,3.826737436914145e-06
0.4,4.110435713546047e-06
0.401,4.114381139250756e-06
0.402,4.118568445819263e-06
0.403,3.977180765596696e-06
0.404,4.123598612346123e-06
0.405,4.125344291337328e-06
0.406,3.986246573851166e-06
0.407,4.131898558904506e-06
0.408,4.133737362082673e-06
0.409,3.992639048516855e-06
0.41,4.1368641248292275e-06
0.411,4.139263886213729e-06
0.412,4.293055611777725e-06
0.413,4.144975514613693e-06
0.414,4.148341558547535e-06
0.415,4.005347886496408e-06
0.416,4.0058375367120265e-06
0.417,4.005871540727405e-06
0.418,4.008797592896906e-06
0.419,4.010172174185339e-06
0.42,4.155791442165638e-06
0.421,4.157703008824006e-06
0.422,4.158680994296716e-06
0.423,4.160484626834918e-06
0.424,4.467838461853356e-06
0.425,4.46853205495721e-06
0.426,4.4703450152781806e-06
0.427,4.4696939662777735e-06
0.428,4.313099002793109e-06
0.429,4.316007859099929e-06
0.43,4.3168393885237265e-06
0.431,4.316677389007994e-06
0.432,4.317527030146333e-06
0.433,4.166329868028381e-06
0.434,4.31886856954928e-06
0.435,4.319415996348738e-06
0.436,4.3183470661474575e-06
0.437,4.474627103787499e-06
0.438,4.472605157811788e-06
0.439,4.635704850687413e-06
0.44,4.6361304479592e-06
0.441,4.4742652214604205e-06
0.442,4.474255537588276e-06
0.443,4.473731300367487e-06
0.444,4.472896026856755e-06
0.445,4.635218723896907e-06
0.446,4.472755463679583e-06
0.447,4.634912857179289e-06
0.448,4.802759015319127e-06
0.449,4.802658080170213e-06
0.45,4.97706145834782e-06
0.451,5.1573851588258805e-06
0.452,4.977639695132799e-06
0.453,4.803370847215077e-06
0.454,4.636065652937928e-06
0.455,4.635832082174876e-06
0.456,4.805922145600575e-06
0.457,4.979936092104723e-06
0.458,5.1607173282046895e-06
0.459,5.162371554809975e-06
0.46,4.978819443043951e-06
0.461,4.806061471387804e-06
0.462,4.806351751754658e-06
0.463,4.9818145891763164e-06
0.464,5.162146817178393e-06
0.465,5.163309320144057e-06
0.466,5.163413077071101e-06
0.467,5.1631141179357936e-06
0.468,4.9824890015469744e-06
0.469,4.982681178602435e-06
0.47,4.984172597684774e-06
0.471,5.1633875624050215e-06
0.472,5.164341106540676e-06
0.473,5.164235029795818e-06
0.474,5.3524507088851125e-06
0.475,5.349381503021266e-06
0.476,5.350553010335311e-06
0.477,5.544103798739472e-06
0.478,5.744727850054887e-06
0.479,5.544164506965532e-06
0.48,5.542089494562054e-06
0.481,5.3492921533590755e-06
0.482,5.542533390392211e-06
0.483,5.743996194901915e-06
0.484,5.7421805671958935e-06
0.485,5.744183164646792e-06
0.486,5.744638111530067e-06
0.487,5.74499384909628e-06
0.488,5.745859772131284e-06
0.489,5.7451240708574325e-06
0.49,5.746607244140266e-06
0.491,5.953348829104492e-06
0.492,5.953666265993553e-06
0.493,5.953593312956697e-06
0.494,5.953481076977506e-06
0.495,5.952954862851753e-06
0.496,6.169989043264273e-06
0.497,6.171726100820758e-06
0.498,6.17313118206023e-06
0.499,5.9571438229756295e-06
0.5,5.748070257202717e-06
0.501,5.954463869269423e-06
0.502,5.953582858637945e-06
0.503,6.1679402266007715e-06
0.504,5.74261728251486e-06
0.505,5.740262425728162e-06
0.506,5.73757066422769e-06
0.507,5.734700872238146e-06
0.508,5.731529464470691e-06
0.509,5.9368849632447185e-06
0.51,5.525687178946604e-06
0.511,5.523226044428153e-06
0.512,5.518981769392312e-06
0.513,5.325078631445388e-06
0.514,5.322305900369648e-06
0.515,5.712552273313877e-06
0.516,5.709880817002011e-06
0.517,5.508220499510595e-06
0.518,5.505995523282626e-06
0.519,5.503642821451312e-06
0.52,5.309052369312691e-06
0.521,5.4993302170277e-06
0.522,5.497654642265728e-06
0.523,5.693781088714135e-06
0.524,5.493323463691526e-06
0.525,5.49125956695493e-06
0.526,5.2965321076811175e-06
0.527,5.295739104841374e-06
0.528,5.10857141096791e-06
0.529,4.928767032035588e-06
0.53,5.104934971286971e-06
0.531,5.103841257440997e-06
0.532,5.102858897073081e-06
0.533,5.101316060168093e-06
0.534,4.921095314660137e-06
0.535,4.920290640057081e-06
0.536,5.282396179622034e-06
0.537,5.094594243026325e-06
0.538,5.094193002604218e-06
0.539,5.279278085605181e-06
0.54,5.092502030765377e-06
0.541,5.093200270582468e-06
0.542,5.0916240657265985e-06
0.543,4.911726489311115e-06
0.544,4.912170495102448e-06
0.545,4.912961828714854e-06
0.546,4.911505983186147e-06
0.547,4.909515221952146e-06
0.548,4.907671121410454e-06
0.549,4.905414448844806e-06
0.55,4.905609191604213e-06
0.551,4.906747388794369e-06
0.552,5.083672197436952e-06
0.553,5.08402451976104e-06
0.554,5.086070154048248e-06
0.555,4.905614008291499e-06
0.556,4.903080419692971e-06
0.557,4.903534764380573e-06
0.558,5.081429735363434e-06
0.559,4.904760709889802e-06
0.56,4.735130178983651e-06
0.561,4.569158774880046e-06
0.562,4.7354518255890215e-06
0.563,4.7362235557319115e-06
0.564,4.9076924972706285e-06
0.565,4.73734900935624e-06
0.566,4.909399062250158e-06
0.567,4.910650292246222e-06
0.568,4.911647082627942e-06
0.569,4.913252773048665e-06
0.57,4.913526324033748e-06
0.571,5.0929801907343874e-06
0.572,5.094660532461189e-06
0.573,5.0965877849621415e-06
0.574,5.098628590231625e-06
0.575,5.285178700260548e-06
0.576,5.28778729965555e-06
0.577,5.4816921267501095e-06
0.578,5.483501911981567e-06
0.579,5.486007170362145e-06
0.58,5.687391754475234e-06
0.581,5.489766794589367e-06
0.582,5.492035916876313e-06
0.583,5.4944611684057544e-06
0.584,5.496506649790404e-06
0.585,5.4983293691469565e-06
0.586,5.499397417826681e-06
0.587,5.701283616476448e-06
0.588,5.504945434487477e-06
0.589,5.705975853063266e-06
0.59,5.707318641317559e-06
0.591,5.709470007555679e-06
0.592,5.919639711081806e-06
0.593,5.921339563616945e-06
0.594,5.9214305011139515e-06
0.595,5.9246817824714894e-06
0.596,6.142582866029146e-06
0.597,6.143522066958772e-06
0.598,6.146426571752636e-06
0.599,6.1503327104779854e-06
0.6,6.151364765524777e-06
0.601,5.938068974475525e-06
0.602,6.155399995081368e-06
0.603,6.15780193581159e-06
0.604,6.382477726849482e-06
0.605,6.384318686922884e-06
0.606,6.387245260694919e-06
0.607,6.620238421854338e-06
0.608,6.622551386325717e-06
0.609,6.86538494388413e-06
0.61,6.868554194107172e-06
0.611,6.630740275459103e-06
0.612,6.632167564592831e-06
0.613,6.39879252891115e-06
0.614,6.176112521442645e-06
0.615,6.176702735733191e-06
0.616,6.402003493677722e-06
0.617,6.402284032041253e-06
0.618,6.635267713104396e-06
0.619,6.8767952816028606e-06
0.62,7.1268024464645746e-06
0.621,6.878548163374536e-06
0.622,6.87911216869551e-06
0.623,6.638197252293509e-06
0.624,6.880695556766601e-06
0.625,7.133354294147512e-06
0.626,7.135382744632027e-06
0.627,7.137664984236855e-06
0.628,7.139419428970269e-06
0.629,7.400337089164292e-06
0.63,7.403083819195311e-06
0.631,7.405131723973554e-06
0.632,7.406602598060702e-06
0.633,7.408338292456943e-06
0.634,7.409539212635629e-06
0.635,7.67944967627424e-06
0.636,7.413056209479772e-06
0.637,7.416570178231007e-06
0.638,7.418064345746393e-06
0.639,7.4204568484161936e-06
0.64,7.691223495523136e-06
0.641,7.971545190476598e-06
0.642,7.693622441052675e-06
0.643,7.426985307769421e-06
0.644,7.429673043696019e-06
0.645,7.43349163363632e-06
0.646,7.43667772663003e-06
0.647,7.440568951119333e-06
0.648,7.714290801514333e-06
0.649,7.717997874054777e-06
0.65,7.451052306234612e-06
0.651,7.724854481562905e-06
0.652,7.729143370244569e-06
0.653,8.012853908778475e-06
0.654,8.01624469840611e-06
0.655,8.020392385849383e-06
0.656,8.022170256696747e-06
0.657,8.02630317399041e-06
0.658,8.028469350397059e-06
0.659,7.750756810449003e-06
0.66,8.037316177095842e-06
0.661,8.636798770600033e-06
0.662,8.64114628875745e-06
0.663,8.34265275933148e-06
0.664,8.054323399072658e-06
0.665,8.349688475398486e-06
0.666,8.3533909358809e-06
0.667,8.355415512453263e-06
0.668,8.065560026675576e-06
0.669,8.361318871092774e-06
0.67,8.669590802076647e-06
0.671,8.675283195100057e-06
0.672,8.676770145715941e-06
0.673,8.376682867375619e-06
0.674,8.683564666246884e-06
0.675,8.688071892762887e-06
0.676,8.389714253579984e-06
0.677,8.10026345961365e-06
0.678,8.396675786747195e-06
0.679,8.401133666815512e-06
0.68,8.402569310028208e-06
0.681,7.825877220705356e-06
0.682,7.830620734218652e-06
0.683,8.118948732290177e-06
0.684,8.123899012932197e-06
0.685,8.127888042004023e-06
0.686,8.130333785947861e-06
0.687,8.427555508377192e-06
0.688,8.429559102922283e-06
0.689,8.433379059159695e-06
0.69,8.14228821702218e-06
0.691,8.7466491626998e-06
0.692,8.444434076287141e-06
0.693,8.152330573786392e-06
0.694,8.45136357945822e-06
0.695,8.761794194320986e-06
0.696,9.083151810241833e-06
0.697,9.085243341774765e-06
0.698,9.087764342120591e-06
0.699,9.092746270695414e-06
0.7,8.779610821826116e-06
0.701,8.783245070567766e-06
0.702,8.785954180712578e-06
0.703,9.10746261315505e-06
0.704,9.784183667576695e-06
0.705,9.788509632980067e-06
0.706,9.118779808798325e-06
0.707,9.12227150063979e-06
0.708,9.797943446790028e-06
0.709,9.12801764723442e-06
0.71,9.130656567005297e-06
0.711,9.808476668611695e-06
0.712,1.016876137772519e-05
0.713,1.0172801495480096e-05
0.714,1.017593710055928e-05
0.715,9.823158930378324e-06
0.716,9.827369093500991e-06
0.717,1.0186831463489317e-05
0.718,9.833665349139213e-06
0.719,9.838513764167058e-06
0.72,9.840817550732075e-06
0.721,1.0572317487542148e-05
0.722,1.0574363903544884e-05
0.723,1.0207704459557412e-05
0.724,1.0211899413302356e-05
0.725,1.058736542439588e-05
0.726,1.0590914370384608e-05
0.727,1.0224953810776457e-05
0.728,1.0599582722863047e-05
0.729,1.0987486671825173e-05
0.73,1.0235019327250083e-05
0.731,9.880537593028118e-06
0.732,9.883850796746692e-06
0.733,1.0617199225086298e-05
0.734,1.1406423641152961e-05
0.735,1.0253835278782416e-05
0.736,1.0629620729587007e-05
0.737,1.063366609383883e-05
0.738,1.0265075914086755e-05
0.739,1.0268135679504445e-05
0.74,1.0273268106649413e-05
0.741,1.027507484269677e-05
0.742,1.02786750645382e-05
0.743,1.0654489740159772e-05
0.744,1.0283851732238105e-05
0.745,9.927272640569917e-06
0.746,1.06636548079936e-05
0.747,1.1456065100030972e-05
0.748,1.1876967031729344e-05
0.749,1.0675034089430794e-05
0.75,1.0677437640721547e-05
0.751,1.030745060375956e-05
0.752,1.0311028976851026e-05
0.753,1.0313911609450116e-05
0.754,1.068998634677334e-05
0.755,1.148419897489276e-05
0.756,1.1085542692297523e-05
0.757,1.0699783253299232e-05
0.758,1.0702902591212252e-05
0.759,1.0704646458060634e-05
0.76,1.0331912359643304e-05
0.761,9.970836277853911e-06
0.762,1.0709533732857429e-05
0.763,1.1098976560461004e-05
0.764,1.1503848276058647e-05
0.765,1.1506037365801948e-05
0.766,1.1925294419273475e-05
0.767,1.1927200895217055e-05
0.768,1.1928612069081704e-05
0.769,1.1930504451990951e-05
0.77,1.2364938464798147e-05
0.771,1.1935196000804488e-05
0.772,1.2371576414178487e-05
0.773,1.2824354899792163e-05
0.774,1.237570475623341e-05
0.775,1.1944879157100706e-05
0.776,1.28263607059651e-05
0.777,1.2380278948522452e-05
0.778,1.1950065231290986e-05
0.779,1.2388445312126082e-05
0.78,1.2843971461306268e-05
0.781,1.2399005078748702e-05
0.782,1.155053327030514e-05
0.783,1.2408404246736863e-05
0.784,1.2414681524225735e-05
0.785,1.1564710956865018e-05
0.786,1.1162234880780438e-05
0.787,1.1571526719556068e-05
0.788,1.1997686252492102e-05
0.789,1.078439031488123e-05
0.79,1.1178694294743346e-05
0.791,1.200935762558048e-05
0.792,1.1593569564774409e-05
0.793,1.1191035428452976e-05
0.794,1.1197760596526504e-05
0.795,1.160953096391385e-05
0.796,1.120655610562967e-05
0.797,1.0818700574275613e-05
0.798,1.12181577694936e-05
0.799,1.2054845466107831e-05
0.8,1.1231338614643962e-05
0.801,1.0843983604371364e-05
0.802,1.1242387372167102e-05
0.803,1.2079258232557807e-05
0.804,1.1252128848581252e-05
0.805,1.1256479924217282e-05
0.806,1.1261617823870825e-05
0.807,1.1675257060659721e-05
0.808,1.0877917953871689e-05
0.809,1.0881511247619031e-05
0.81,1.2114251614609498e-05
0.811,1.1696047729296628e-05
0.812,1.0514420613042068e-05
0.813,9.795678162267003e-06
0.814,1.1302201100081072e-05
0.815,1.0529919142623429e-05
0.816,9.80936540453631e-06
0.817,1.0169293184358263e-05
0.818,1.0544699097223805e-05
0.819,1.0550384441463632e-05
0.82,1.0555798510195348e-05
0.821,1.1341349568158437e-05
0.822,1.0566630068935184e-05
0.823,9.49922301544719e-06
0.824,8.850974270082789e-06
0.825,9.507650431269377e-06
0.826,1.0585756312387835e-05
0.827,1.0221373366064451e-05
0.828,9.867226452332101e-06
0.829,9.873052436811065e-06
0.83,1.0236718270961161e-05
0.831,1.0242876023916782e-05
0.832,9.88639042679888e-06
0.833,9.54278993306582e-06
0.834,9.895412594765336e-06
0.835,9.901515771830871e-06
0.836,9.559210998721524e-06
0.837,9.564362688106343e-06
0.838,9.568956404146906e-06
0.839,1.0282430890553387e-05
0.84,1.0662628213150307e-05
0.841,9.932557429184831e-06
0.842,9.937235342275981e-06
0.843,1.0678360089424526e-05
0.844,1.0309604441737043e-05
0.845,9.606167394640024e-06
0.846,9.957817835195914e-06
0.847,1.1086707449091921e-05
0.848,1.1090292393573497e-05
0.849,1.0706037761154513e-05
0.85,1.0337330953849395e-05
0.851,9.979725318299534e-06
0.852,9.982644114872935e-06
0.853,9.636587913023322e-06
0.854,9.9907678469728e-06
0.855,9.995695946531203e-06
0.856,1.0362662396528507e-05
0.857,1.036830991125846e-05
0.858,1.0748174028605884e-05
0.859,1.0378160546989687e-05
0.86,1.0384703297332836e-05
0.861,1.076513076341731e-05
0.862,1.0770054860580487e-05
0.863,1.0775773047520434e-05
0.864,1.1171980596750559e-05
0.865,1.0784151977804484e-05
0.866,1.0413494415063735e-05
0.867,1.0418238684143159e-05
0.868,1.0799526808333437e-05
0.869,1.0804620111861791e-05
0.87,1.043022628632258e-05
0.871,1.0813236802507151e-05
0.872,1.2039401610975688e-05
0.873,1.0823189451308854e-05
0.874,1.0448743416104991e-05
0.875,1.1224402197027549e-05
0.876,1.1229262014512167e-05
0.877,1.0843381349159217e-05
0.878,1.1647035282047395e-05
0.879,1.2514288720847444e-05
0.88,1.1251014583463471e-05
0.881,1.0861019778537764e-05
0.882,1.1670196806462762e-05
0.883,1.0871957395452484e-05
0.884,1.0127693610705633e-05
0.885,1.0879037160651338e-05
0.886,1.0883266927881988e-05
0.887,1.0506674197592793e-05
0.888,1.0511600921571653e-05
0.889,1.2569602750459427e-05
0.89,1.2133557111050101e-05
0.891,1.0526792269389602e-05
0.892,1.091121362822734e-05
0.893,1.1723283143142465e-05
0.894,1.0916605643371854e-05
0.895,1.0170408418472093e-05
0.896,1.0174385629621476e-05
0.897,1.0548031673135814e-05
0.898,1.0182275647286492e-05
0.899,1.018819474275655e-05
0.9,1.0563562798746087e-05
0.901,1.05683305672415e-05
0.902,1.0202317931361232e-05
0.903,1.020535836942865e-05
0.904,1.057959603216989e-05
0.905,1.0581962103531228e-05
0.906,1.0585732551624983e-05
0.907,1.0222413538487204e-05
0.908,9.521510466613997e-06
0.909,8.87335952712747e-06
0.91,9.199429129435223e-06
0.911,9.538871687191203e-06
0.912,1.1399456907041425e-05
0.913,1.1005940010800224e-05
0.914,1.0253141284109015e-05
0.915,9.897766949291878e-06
0.916,1.0262722502418829e-05
0.917,1.1424021423654159e-05
0.918,1.1842915798764383e-05
0.919,1.272010682846334e-05
0.92,1.185012128168039e-05
0.921,1.228204127734722e-05
0.922,1.1856127276515117e-05
0.923,1.1440712650754854e-05
0.924,1.1445602237409098e-05
0.925,1.1865073493291952e-05
0.926,1.320791979328478e-05
0.927,1.2746245538542462e-05
0.928,1.1874334182783378e-05
0.929,1.230968372624913e-05
0.93,1.2759410687990254e-05
0.931,1.3225591392834295e-05
0.932,1.3227533151107946e-05
0.933,1.3230415676014297e-05
0.934,1.276719700183789e-05
0.935,1.2772678201371745e-05
0.936,1.2774588692819239e-05
0.937,1.3239961776573186e-05
0.938,1.3241511610725304e-05
0.939,1.3244752103635368e-05
0.94,1.3249671879917042e-05
0.941,1.373513898497847e-05
0.942,1.37395888643639e-05
0.943,1.3743424624759152e-05
0.944,1.4245872375969232e-05
0.945,1.3752173066748005e-05
0.946,1.4256333615666289e-05
0.947,1.3760813038471279e-05
0.948,1.3764936164898742e-05
0.949,1.3768706610552111e-05
0.95,1.478987154218499e-05
0.951,1.5325815128393175e-05
0.952,1.42788366152325e-05
0.953,1.4278440580566606e-05
0.954,1.4284399918652655e-05
0.955,1.3301312077584224e-05
0.956,1.4290374303079903e-05
0.957,1.4295032468068559e-05
0.958,1.3797956490603313e-05
0.959,1.3318446755817223e-05
0.96,1.4307825550282837e-05
0.961,1.286084419322904e-05
0.962,1.1978294683681888e-05
0.963,1.2418824848491973e-05
0.964,1.3338106874820437e-05
0.965,1.2877240743944229e-05
0.966,1.288012632015129e-05
0.967,1.2430903662228725e-05
0.968,1.2434437629990951e-05
0.969,1.2436893508857893e-05
0.97,1.3846615258390528e-05
0.971,1.3368121031874852e-05
0.972,1.2453535062813528e-05
0.973,1.202046112509741e-05
0.974,1.2025894431858408e-05
0.975,1.2469225395988285e-05
0.976,1.2926425655792033e-05
0.977,1.439060076705869e-05
0.978,1.2937262752509181e-05
0.979,1.2051136648913693e-05
0.98,1.205314963150474e-05
0.981,1.2060400017966723e-05
0.982,1.3424059213645542e-05
0.983,1.3914304090492752e-05
0.984,1.206794302023084e-05
0.985,1.2071119448271964e-05
0.986,1.3436774537477322e-05
0.987,1.3929984386630845e-05
0.988,1.3440902423990664e-05
0.989,1.3935515469788874e-05
0.99,1.3940559258526163e-05
0.991,1.3942821127576966e-05
0.992,1.3944689194871997e-05
0.993,1.3460024577918551e-05
0.994,1.4980597542255657e-05
0.995,1.552590697279602e-05
0.996,1.4459846911409414e-05
0.997,1.4463338965918854e-05
0.998,1.6097555145919494e-05
0.999,1.4992030709153676e-05
1.0,1.499471896731624e-05
1.001,1.4997496265024389e-05
1.002,1.447496643210711e-05
1.003,1.5000967162598797e-05
1.004,1.5550083823805937e-05
1.005,1.6110695862603887e-05
1.006,1.500863033083198e-05
1.007,1.5011074438109972e-05
1.008,1.5012136770333592e-05
1.009,1.55568654435407e-05
1.01,1.5554939612123534e-05
1.011,1.6126552143032787e-05
1.012,1.5559710837099833e-05
1.013,1.5019950773891449e-05
1.014,1.6130887159252903e-05
1.015,1.6131223262299973e-05
1.016,1.502273586477832e-05
1.017,1.5569023876421273e-05
1.018,1.502527593120498e-05
1.019,1.6135736728791963e-05
1.02,1.7329080753001e-05
1.021,1.6723416630109246e-05
1.022,1.7330790210120295e-05
1.023,1.7331019619254335e-05
1.024,1.6139308470514427e-05
1.025,1.7960766317728245e-05
1.026,1.7332782356765e-05
1.027,1.7961230065034335e-05
1.028,1.733328474179965e-05
1.029,1.6140125909825255e-05
1.03,1.796243303804789e-05
1.031,1.7335262246914332e-05
1.032,1.614193155571799e-05
1.033,1.672304839134618e-05
1.034,1.733502154636681e-05
1.035,1.7334579867832232e-05
1.036,1.7960980623814915e-05
1.037,1.6728165372776677e-05
1.038,1.733227419072433e-05
1.039,1.6729635023592716e-05
1.04,1.7336927736055074e-05
1.041,1.79677068041653e-05
1.042,1.6733497639114792e-05
1.043,1.6733747676459774e-05
1.044,1.6149938255611965e-05
1.045,1.7970167458601902e-05
1.046,1.734234494582316e-05
1.047,1.734434509050233e-05
1.048,1.7973052326675872e-05
1.049,1.8628703283924517e-05
1.05,1.862605632935666e-05
1.051,1.7979940899062996e-05
1.052,1.9308425499795417e-05
1.053,1.7979661223421986e-05
1.054,1.93091970823359e-05
1.055,1.863420100739208e-05
1.056,1.930811136913179e-05
1.057,1.8636369910666272e-05
1.058,1.863686321225843e-05
1.059,1.8637867631440897e-05
1.06,1.7986216224558627e-05
1.061,1.931557345251264e-05
1.062,1.864286074512682e-05
1.063,1.9319454122858495e-05
1.064,1.8645084353720327e-05
1.065,1.9317856102051603e-05
1.066,1.9324459988494015e-05
1.067,2.002107291869611e-05
1.068,2.0026816160472106e-05
1.069,1.9326064341147696e-05
1.07,2.0026971471098147e-05
1.071,1.9326806945270347e-05
1.072,2.0028360250550628e-05
1.073,2.002917003793295e-05
1.074,2.0755434444189557e-05
1.075,2.0029588138751704e-05
1.076,2.1509460826824332e-05
1.077,2.0757272991197276e-05
1.078,2.1509558060408245e-05
1.079,2.0030496622423235e-05
1.08,2.151010096723672e-05
1.081,2.003200904401415e-05
1.082,2.075780526642079e-05
1.083,2.0033503525234562e-05
1.084,2.0759893286325886e-05
1.085,2.0035451042781053e-05
1.086,2.0764078865132046e-05
1.087,2.151806844844246e-05
1.088,2.1519187707993797e-05
1.089,2.1520787761539723e-05
1.09,2.0767419573041217e-05
1.091,2.0041388103894813e-05
1.092,2.0770624896382682e-05
1.093,2.152524561938635e-05
1.094,2.0044287237131266e-05
1.095,2.077088539751977e-05
1.096,2.0775964078760624e-05
1.097,2.231174854031497e-05
1.098,2.0047367141050417e-05
1.099,2.3123334531990446e-05
1.1,2.0053350369032502e-05
1.101,2.153292116901837e-05
1.102,1.9354625944092265e-05
1.103,2.0786957983262562e-05
1.104,2.07899286844759e-05
1.105,2.0060182512561387e-05
1.106,2.0062806169925387e-05
1.107,2.0064117133560948e-05
1.108,1.936371771000976e-05
1.109,2.006913202289883e-05
1.11,2.155342599457229e-05
1.111,2.080115656263111e-05
1.112,2.0801688346008204e-05
1.113,2.080450923423145e-05
1.114,2.315283660121346e-05
1.115,2.156275121933519e-05
1.116,2.156320125731913e-05
1.117,2.2347824197667846e-05
1.118,2.2346406090675683e-05
1.119,2.2352042002425876e-05
1.12,2.3166206731351098e-05
1.121,2.2352537982028153e-05
1.122,2.317033893126706e-05
1.123,2.317135802075631e-05
1.124,2.3173503831766096e-05
1.125,2.401570451212722e-05
1.126,2.401731924166733e-05
1.127,2.4019214718914667e-05
1.128,2.402094788395059e-05
1.129,2.489423905071454e-05
1.13,2.3178565079868193e-05
1.131,2.48959375531247e-05
1.132,2.4028188897197998e-05
1.133,2.4895133823037224e-05
1.134,2.4900793536582604e-05
1.135,2.4897648614981978e-05
1.136,2.4906344738037526e-05
1.137,2.3193117443171012e-05
1.138,2.319629853186829e-05
1.139,2.3194335741777304e-05
1.14,2.32005373069077e-05
1.141,2.239126148307225e-05
1.142,2.3205532516744133e-05
1.143,2.320829261507596e-05
1.144,2.320998558597444e-05
1.145,2.3209439112359535e-05
1.146,2.405746762643453e-05
1.147,2.4056712348812568e-05
1.148,2.4062000101853687e-05
1.148,2.240620153581485e-05
1.15,2.4936205229528697e-05
1.151,2.322258874567041e-05
1.152,2.40701326838141e-05
1.153,2.2412592458270643e-05
1.154,2.4948184872211797e-05
1.155,2.3229466695521086e-05
1.156,2.4947907874828897e-05
1.157,2.242369256119335e-05
1.158,2.5862632008953738e-05
1.159,2.4083064416596626e-05
1.16,2.324462970937297e-05
1.161,2.408674426812582e-05
1.162,2.4968344714149226e-05
1.163,2.325175417390493e-05
1.164,2.3254351885566493e-05
1.165,2.5882833112942227e-05
1.166,2.49737105255865e-05
1.167,2.6825605312227484e-05
1.168,2.4105331531137094e-05
1.169,2.780702270818732e-05
1.17,2.498630056947456e-05
1.171,2.6839669822484796e-05
1.172,2.590397655384483e-05
1.173,2.4997546109615552e-05
1.174,2.59090962643472e-05
1.175,2.3283650909452318e-05
1.176,2.5004797758954694e-05
1.177,2.2474039700305884e-05
1.178,2.5013624990873907e-05
1.179,2.247935839125063e-05
1.18,2.4141832979936944e-05
1.181,2.4144105442469336e-05
1.182,2.5936500210649e-05
1.183,2.5029829527835027e-05
1.184,2.5034861635162705e-05
1.185,2.7864165330553033e-05
1.186,2.5948088228545e-05
1.187,2.786844189056533e-05
1.188,2.4172522405714358e-05
1.189,2.888987371594474e-05
1.19,2.5054664863706527e-05
1.191,2.596745911735317e-05
1.192,2.4179467561213552e-05
1.193,2.597123425786179e-05
1.194,2.419010735787859e-05
1.195,2.5070557668909104e-05
1.196,2.6929118775631934e-05
1.197,2.5989249195110725e-05
1.198,2.7909454355315656e-05
1.199,2.508238999376678e-05
1.2,2.791740256028906e-05
1.201,2.6002983185458716e-05
1.202,2.600721292528449e-05
1.203,2.695456009418373e-05
1.204,2.510003473756889e-05
1.205,2.7937853646914248e-05
1.206,2.4227995204310112e-05
1.207,2.6023109487689028e-05
1.208,2.5113619165768903e-05
1.209,2.6031309211876666e-05
1.21,2.6978626442000905e-05
1.211,2.5125453895497055e-05